station_id,station_name,available_mechanical_bikes,available_electric_bikes,available_empty_docks,latitude,longitude,date
213688169,Benjamin Godard - Victor Hugo,0,0,35,48.865983,2.275725,2021-05-12 12:54:16
99950133,André Mazet - Saint-André des Arts,13,3,38,48.85375581057431,2.3390958085656166,2021-05-12 12:59:26
516709288,Charonne - Robert et Sonia Delauney,2,0,18,48.85590755596891,2.3925706744194035,2021-05-12 12:57:38
36255,Toudouze - Clauzel,3,3,13,48.87929591733507,2.3373600840568547,2021-05-12 12:58:03
37815204,Mairie du 12ème,16,2,11,48.84085531176338,2.3875549435615544,2021-05-12 12:58:04
100769544,Harpe - Saint-Germain,39,3,3,48.85151881501689,2.343670316040516,2021-05-12 12:59:05
85002689,Jourdan - Stade Charléty,1,2,56,48.81942833336948,2.343335375189781,2021-05-12 12:58:52
54000559,Jouffroy d'Abbans - Wagram,4,0,35,48.881973298351625,2.301132157444954,2021-05-12 12:59:10
85043758,Guersant - Gouvion-Saint-Cyr,2,3,24,48.88287775178599,2.287667370814871,2021-05-12 12:51:40
123095125,Alibert - Jemmapes,8,3,48,48.8710440519842,2.366104461987773,2021-05-12 12:58:16
251039991,Cassini - Denfert-Rochereau,3,2,19,48.83752583906732,2.336035408079624,2021-05-12 12:55:50
37874517,Saint-Sulpice,4,0,16,48.85165383178419,2.3308077827095985,2021-05-12 12:53:24
66491398,Le Brun - Gobelins,1,1,45,48.835092787823875,2.353468135133752,2021-05-12 12:56:10
210403080,Lacépède - Monge,3,6,14,48.84389286531899,2.3519663885235786,2021-05-12 12:54:28
210561800,Saint-Romain - Cherche-Midi,8,3,5,48.84708159081946,2.321374788880348,2021-05-12 12:59:07
209063434,André Karman - République,5,0,26,48.91039875761846,2.3851355910301213,2021-05-12 12:53:13
94555589,Pierre et Marie Curie - Maurice Thorez,5,2,20,48.81580226360801,2.376804985105991,2021-05-12 12:58:02
244498842,Bois de Vincennes - Gare,23,2,21,48.836022242886884,2.4708339950830287,2021-05-12 12:59:43
43195240,Silly - Galliéni,8,0,15,48.835583838705936,2.2325500845909123,2021-05-12 12:59:21
210405211,Beaux-Arts - Bonaparte,4,6,10,48.856451985395786,2.334851883351803,2021-05-12 12:59:45
501862076,Place Nelson Mandela ,0,2,20,48.862090937689715,2.196576297283173,2021-05-12 12:52:25
207633746,Grande Armée - Brunel,4,5,52,48.876116,2.288124,2021-05-12 12:52:29
210566542,Square Boucicaut,30,9,20,48.851296433665276,2.325061820447445,2021-05-12 12:58:49
437597018,Invalides - Duroc,9,2,16,48.8477924732952,2.3161920905113225,2021-05-12 12:59:12
210565680,Vaneau - Sèvres,17,4,13,48.84856323305935,2.3204218259345537,2021-05-12 12:58:18
210397939,Thouin - Cardinal Lemoine,2,7,8,48.84504716661511,2.3494647851273465,2021-05-12 12:59:20
82405965,Froment - Bréguet,6,4,33,48.8570414504784,2.37289470306807,2021-05-12 12:58:52
213682736,Morillons - Dantzig,3,1,48,48.83310149953933,2.299380004405976,2021-05-12 12:59:00
80101533,Chazelles - Courcelles ,3,0,32,48.879406604954,2.3034455627202988,2021-05-12 12:59:52
54000581,Croulebarde - Corvisart,13,2,19,48.830981659316855,2.3481646925210953,2021-05-12 12:57:34
599135701,Ramponeau - Belleville,4,1,38,48.871031137596006,2.3790568521139748,2021-05-12 12:59:40
13105968,Le Brix et Mesmin - Jourdan,3,0,17,48.82234096593411,2.327861653302471,2021-05-12 12:59:46
653208733,Romainville - Vaillant-Couturier,0,0,36,48.86785,2.446748,2021-05-12 12:54:47
907054879,Liberté - Vert-de-Maisons,14,5,1,48.79014780960843,2.43286281824112,2021-05-12 12:59:16
128986726,Boétie - Ponthieu,9,21,2,48.871417284354834,2.307678759098053,2021-05-12 12:59:10
129094535,Porte de Saint-Ouen - Bessières,5,3,32,48.89792240854517,2.32851451022192,2021-05-12 12:58:05
27415224,Bir Hakeim,21,6,5,48.853844054333514,2.289705348222022,2021-05-12 12:59:46
54000612,Cambrai - Benjamin Constant,3,3,37,48.89594736851349,2.381133802246315,2021-05-12 12:59:49
88230992,De Toqueville - Terrasse,1,2,27,48.882428,2.314002,2021-05-12 12:59:17
27415302,Michel-Ange - Parent de Rosan,1,0,24,48.840579923690115,2.2584119439125065,2021-05-12 12:57:46
102747146,Lagny - Victor Basch,2,3,17,48.84884147189881,2.426325418925233,2021-05-12 12:59:46
2515403527,Saint-Cloud - Hippodrome,7,0,22,48.85772148887421,2.2549109905958176,2021-05-12 12:58:57
653132534,Louis Lejeune - Barbès,4,4,17,48.81807418981508,2.3267009854316716,2021-05-12 12:57:06
506455295,Général Martial Valin - Pont du Garigliano,4,3,9,48.83823094269141,2.270506024360657,2021-05-12 12:59:44
1057149522,Rond-point du Dr Albert Schweitzer,6,4,5,48.78980918988166,2.3143940046429634,2021-05-12 12:58:32
210567545,Raspail - Varenne,2,5,11,48.85314781654488,2.3263905197381973,2021-05-12 12:58:46
653197324,Théâtre des Amandiers - Palais des sports,5,5,13,48.89264852683893,2.2136941552162175,2021-05-12 12:57:57
210408693,Vaugirard - Monsieur le Prince,13,1,10,48.848951441614176,2.3411329463124275,2021-05-12 12:58:07
42950839,Serrurier,0,0,18,48.8804934032465,2.39806417375803,2021-05-12 12:57:14
85123644,Pyrénées - Ménilmontant,0,0,22,48.8693268535238,2.395084574818611,2021-05-12 12:59:17
499303158,Jules Guesde - Pont du Port à l'Anglais,22,3,3,48.79628807093802,2.417212128639221,2021-05-12 12:59:27
2515085147,Italie - Tolbiac,0,3,17,48.82557229464416,2.3576171323657036,2021-05-12 12:59:35
27414512,Caire - Dussoubs,0,1,38,48.86785342111862,2.349364310503006,2021-05-12 12:51:06
210580039,Tour d'Auvergne - Rodier,1,0,16,48.879161,2.343698,2021-05-12 12:55:43
49474389,Artois - Berri,12,8,1,48.87393521240818,2.3064258322119713,2021-05-12 12:59:18
128940135,Marceau - Chaillot,0,5,15,48.86883394989261,2.2989967837929726,2021-05-12 12:56:31
35149611,Liard - Amiral Mouchez,0,0,14,48.8214169,2.342167,2021-05-12 12:59:51
210570888,Las Cases - Bourgogne,10,10,2,48.85909110474066,2.3185685276985173,2021-05-12 12:59:16
129107656,Félix Ziem - Armand Gauthier,0,0,25,48.88949630486821,2.333393658804396,2021-05-12 12:54:53
129088667,Jonquière - Docteur Paul Brousse,3,0,37,48.894799816683985,2.318705212173216,2021-05-12 12:59:17
214114469,Gare de Nogent-le-Perreux,21,4,3,48.83842553348809,2.493693307042122,2021-05-12 12:57:08
1057228658,Youri Gagarine - Karl Marx,0,4,18,48.78448485079149,2.35908430069685,2021-05-12 12:59:27
230873471,Octave Feuillet - Albéric Magnard,1,1,19,48.86106902949534,2.2730283066630363,2021-05-12 12:59:29
507934805,Ney - Porte de Clignancourt ,0,2,23,48.8978867,2.3458001,2021-05-12 12:58:04
205047993,Edgar Quinet - Raspail,1,2,43,48.83940266673835,2.32971478253603,2021-05-12 12:59:34
7254,Gay Lussac - Saint-Jacques,16,3,5,48.844730256132095,2.341923944866407,2021-05-12 12:59:14
129164969,Place Jean-Spire-Lemaître,9,1,39,48.8468428626593,2.452062070369721,2021-05-12 12:58:13
128989986,Place Georges Guillaumin,6,6,14,48.874750203956566,2.301771435325988,2021-05-12 12:56:48
129004826,Bellefond - Poissonnière,2,0,15,48.87759897050706,2.348463758826256,2021-05-12 12:57:45
518825709,Jean Oestreicher - Porte de Champerret,2,3,16,48.88655580065981,2.288640439510346,2021-05-12 12:57:48
128930462,Square Louis XVI,16,2,11,48.87320440102894,2.323658830743138,2021-05-12 12:59:39
911767210,Alexandre Parodi - Quai de Valmy,1,3,17,48.87935941942529,2.366596162319184,2021-05-12 12:58:35
54000565,Granges aux Belles,4,2,18,48.8761373390584,2.3680844979417,2021-05-12 12:59:48
1057296253,Regnault - Patay,40,4,16,48.82435782216384,2.377065159380436,2021-05-12 12:59:50
210581084,Gare Saint-Lazare - Place de Budapest,12,2,29,48.877753,2.327339,2021-05-12 12:59:26
102311820,Clignancourt - Ordener,1,1,30,48.891457726153774,2.348636478060487,2021-05-12 12:52:20
210586093,Dunkerque - Rocroy,1,1,20,48.880726,2.351464,2021-05-12 12:55:16
128887067,Ségur - d'Estrées,9,7,2,48.85141997898257,2.3097044974565506,2021-05-12 12:59:27
210574471,Abbeville - Faubourg Poissonnière,1,0,12,48.879223,2.349147,2021-05-12 12:54:38
72765603,Boulangers - Cardinal Lemoine,1,3,15,48.8462904,2.3521495,2021-05-12 12:59:32
210582921,Boudreau - Auber,4,2,7,48.87219,2.329423,2021-05-12 12:59:13
55927887,Gabriel Lamé,25,4,7,48.8351212784276,2.385534569621086,2021-05-12 12:59:12
369644630,Gare de l'Est - Faubourg-Saint-Martin,1,3,28,48.87564264747718,2.3594588041305546,2021-05-12 12:59:15
43255030,Pereire - Ternes,0,1,46,48.87973954830735,2.288012132048607,2021-05-12 12:59:49
129025451,Douai - Bruxelles,2,1,23,48.88320784122797,2.3308449949028507,2021-05-12 12:59:31
128920403,Gare Saint-Lazare - Isly,5,1,20,48.874777677621296,2.326515804784655,2021-05-12 12:58:40
323616530,Quai de l'Horloge - Pont Neuf,8,5,3,48.857058739111096,2.341798283943937,2021-05-12 12:58:34
208795867,Ambroise Rendu - Porte Brunet,0,2,14,48.883667,2.395733,2021-05-12 12:59:31
1062192012,Gare Rosny-Bois-Perrier,3,4,27,48.88115023337061,2.480436824262142,2021-05-12 12:57:03
6296,Institut de France,8,6,3,48.85761567856468,2.335831353037739,2021-05-12 12:53:48
521393180,Porte Pouchet-Bessières,11,3,8,48.8978765,2.3230632,2021-05-12 12:59:37
576188379,Vigée-Lebrun - Anselme Payen,2,2,20,48.838683941628375,2.3110422492027287,2021-05-12 12:57:31
128915891,Octave Gréard - Tour Eiffel,24,4,5,48.856502977695634,2.293178754328878,2021-05-12 12:59:14
82567101,Château - République,1,2,20,48.8629238005955,2.415503561496735,2021-05-12 12:58:04
129021753,Moncey - Blanche,3,0,14,48.88006587474148,2.3310810327529907,2021-05-12 12:55:36
457813746,Henri Barbusse - Stalingrad,0,0,16,48.814183748660554,2.2872862592339516,2021-05-12 12:57:09
210740080,Gare du Nord - Hôpital Lariboisière,0,1,47,48.881949,2.352339,2021-05-12 12:53:44
35642049,Jemmapes - Ecluses Saint-Martin ,3,2,7,48.87748519186726,2.3660067468881607,2021-05-12 12:59:03
50191171,Thionville - Ourcq,0,2,21,48.88917613743794,2.3833653330802917,2021-05-12 12:57:40
102290754,Mairie du 17ème,0,0,24,48.88416184871573,2.322079431103719,2021-05-12 12:53:25
3906153622,Argenteuil - Voltaire,0,2,14,48.91864865955558,2.2814112156629562,2021-05-12 12:51:34
129087587,Legendre - Clichy,1,0,40,48.88896161855884,2.322528975094376,2021-05-12 12:59:10
213693511,Quai de la Seine,1,2,21,48.884492238407525,2.3703941702842717,2021-05-12 12:58:27
82379648,Lisbonne - Monceau,6,2,24,48.87745567681383,2.309694221419506,2021-05-12 12:57:41
95845524,Cité Riverin - Château d'Eau ,12,2,4,48.870702423554306,2.358739863900845,2021-05-12 12:58:38
230877798,Chartres - La Charbonnière,0,0,33,48.8847601,2.3534657,2021-05-12 12:51:12
303695607,Pont-Neuf - Quai du Louvre,0,0,30,48.8582958982873,2.3423714563250546,2021-01-22 22:50:04
66491397,Gare de Lyon - Place Louis Armand,48,2,8,48.8455150897939,2.3726498446286,2021-05-12 12:59:03
2515995748,Pesaro - Préfecture,0,2,17,48.89577046284005,2.223908342421055,2021-05-12 12:53:10
129014600,Rossini - Laffitte,18,12,2,48.87334627510507,2.337980867701675,2021-05-12 12:58:16
27363162,Ranelagh - Mozart,0,6,17,48.8554439,2.2704418,2021-05-12 12:59:38
128882438,Institut du Monde Arabe - Saint-Germain,21,6,10,48.84906329950134,2.3558086529374123,2021-05-12 12:59:01
102324803,Pyrénées - Emmery,0,3,37,48.872010281270974,2.392039597034455,2021-05-12 12:58:30
80419347,Lagny - Auguste Blanqui,16,3,8,48.84922568052601,2.4218603968620305,2021-05-12 12:59:11
54000569,Saint-Ambroise - Parmentier,4,0,34,48.86214784454763,2.3772348091006275,2021-05-12 12:59:34
336511521,Place de Rhin et Danube,0,1,16,48.88192765861766,2.392586767673493,2021-05-12 12:54:42
129043651,Roquette - Thiéré,13,2,8,48.85507930579506,2.3733686318721463,2021-05-12 12:59:51
82562556,Exelmans - Versailles,7,2,40,48.84097491091973,2.264390252530575,2021-05-12 12:55:35
129048000,Saint-Maur - Roquette,4,1,40,48.858688774062955,2.383553994571467,2021-05-12 12:59:07
1062250686,11 Novembre 1918 - 8 Mai 1945,4,8,23,48.80889533774377,2.5382421165704727,2021-05-12 12:59:06
261987383,Place Du Général De Gaulle,3,2,21,48.8687591,2.4329931,2021-05-12 12:54:03
813544903,Amelot - Saint-Sébastien,16,5,9,48.86114216276092,2.367799618107727,2021-05-12 12:59:52
126050442,Pereire - Rennequin,4,0,18,48.88364782887555,2.2952447086572647,2021-05-12 12:57:30
27363489,Claude Decaen - Cannebière,2,2,23,48.83761417037952,2.397253782195704,2021-05-12 12:59:00
39296638,Berri - Haussmann,8,9,16,48.874746047357135,2.3082953318953514,2021-05-12 12:59:26
101763163,Desaix - Edgar Faure,3,0,9,48.852804604940296,2.293077029857222,2021-05-12 12:59:50
205938683,Delphine Seyrig - Général Leclerc,16,0,34,48.893923963057865,2.39790290594101,2021-05-12 12:59:03
210399835,Panthéon - Valette,10,18,11,48.84702057165222,2.3464982619671075,2021-05-12 12:59:38
1057324291,Cimetière de Montrouge,0,2,55,48.822009,2.322188699,2021-05-12 12:57:59
314829539,Charles de Gaulle - Beauté,1,6,40,48.83649602312711,2.479562651149885,2021-05-12 12:59:43
653133605,Gare RER - Canadiens,35,3,4,48.81995307955795,2.464176752459464,2021-05-12 12:59:06
3906094706,Redoute - Les Courtilles,8,5,19,48.92986719451888,2.283669635653496,2021-05-12 12:57:16
27414578,Notre-Dame-des-Champs - Stanislas,1,4,14,48.84479928858768,2.329337755887181,2021-05-12 12:59:35
80216231,Belidor - Gouvion-Saint-Cyr,0,0,24,48.88022154052015,2.2854680567979813,2021-04-24 23:43:27
508042092,Pyramide - Ecole du Breuil ,18,4,11,48.82237977153955,2.4586871266365056,2021-05-12 12:53:36
42603855,Liège - Moscou,2,2,12,48.8795431,2.3264628,2021-05-12 12:57:24
818302209,Mairie de Montreuil,6,15,30,48.86131452758348,2.440614402294159,2021-05-12 12:56:53
13718041,Square Simon Bolivar,1,2,20,48.8750898883217,2.3826304078102116,2021-05-12 12:57:27
265464297,Schoelcher - Raspail,2,0,48,48.83681733526843,2.3312794080411474,2021-05-12 12:52:05
1057392676,Rouget de Lisle,20,9,4,48.764615483395254,2.4071189761161804,2021-05-12 12:58:27
102309973,Cimetière de Montmartre,0,1,42,48.886472466141925,2.3328901827335358,2021-05-12 12:57:52
532054446,Richard Lenoir - Republique,15,0,43,48.8667175,2.3692541,2021-05-12 12:57:44
129034587,Récollets - Square Villemin,0,1,16,48.875034655883944,2.359801238597928,2021-05-12 12:53:16
586539770,Marne - Germain Dardan,3,4,14,48.81154270401601,2.303070724010468,2021-05-12 12:54:05
3906335682,Roger Salengro - Fontainebleau,1,0,23,48.814548697324845,2.36116636544466,2021-05-12 12:59:13
583539396,Anatole France - President Roosevelt,2,1,25,48.9155156,2.3814103,2021-05-12 12:56:28
101753100,Henry Farman,12,3,1,48.83372430280548,2.2713854536414146,2021-05-12 12:59:12
27415466,Jourdain - Place des Grandes Rigoles,2,0,20,48.87403113727167,2.38959476351738,2021-05-12 12:57:33
88140066,Rocher - Laborde,10,0,51,48.87590240712654,2.322616316378116,2021-05-12 12:56:28
66491385,Fontenay - Libération,8,1,15,48.84780306364685,2.445141971111298,2021-05-12 12:57:14
52393,Grands Moulins de Pantin,5,4,40,48.89738369720229,2.3959985375404362,2021-05-12 12:59:43
596813170,Cimetière,0,0,15,48.84706173362218,2.4787822365760808,2021-05-12 12:55:30
209057581,Gabriel Péri - Francisco Ferrer,1,2,15,48.88633710236977,2.407338917255402,2021-05-12 12:51:41
66491389,Place de la Reine Astrid,18,15,25,48.86492098253841,2.302549182385926,2021-05-12 12:59:13
596872103,Lucie Aubrac - Fort,7,5,19,48.818144834008976,2.271184623241425,2021-05-12 12:55:40
81081358,Pajol - Place Herbert,3,1,35,48.8927825,2.3635598,2021-05-12 12:57:27
210749865,Port-Royal - Hôpital du Val-de-Grâce,4,2,12,48.8376682728114,2.344813834660711,2021-05-12 12:58:07
535500589,Hôpital Européen Georges Pompidou ,33,15,13,48.83769531916335,2.275374233722687,2021-05-12 12:58:39
597245295,Concorde - Stalingrad,4,6,24,48.7985844,2.3821302,2021-05-12 12:58:54
583171360,Jean Marin Naudin - Stalingrad,3,0,25,48.805713897355375,2.320202328264713,2021-05-12 12:58:01
235513935,Carducci - Place Hannah Arendt,0,0,27,48.877436681515796,2.3860743641853337,2021-05-12 12:50:42
27206194,Saint-Jacques - Val de Grâce,2,1,15,48.8417514,2.3413893,2021-05-12 12:59:35
102323152,Manin - Carrières d'Amérique,1,1,18,48.88467214209463,2.3919698596000676,2021-05-12 12:59:03
82584215,Place Lafayette,30,7,25,48.829654975522296,2.263867557048798,2021-05-12 12:56:47
129060764,Victor Hugo - Jeanne Jugan,1,1,25,48.843949064031825,2.415081394834419,2021-05-12 12:57:53
828134511,Porte de Vanves,3,0,28,48.82801284944511,2.3056878894567485,2021-05-12 12:59:47
586649404,Conservatoire de Musique,7,5,12,48.77093586667601,2.4034014344215398,2021-05-12 12:55:15
76199461,Championnet - Vauvenargues,1,2,30,48.89401874744574,2.3319872841238976,2021-05-12 12:55:11
271426439,Buisson Saint-Louis - Saint-Maur,5,1,11,48.87174684930295,2.3722528328789854,2021-05-12 12:59:31
213684314,Fédération - Suffren,23,0,0,48.852828153442346,2.2978776320815086,2021-05-12 12:59:26
27363187,Place Albert Kahn,2,1,44,48.8957969797804,2.345585584134864,2021-05-12 12:52:10
230952057,Place Marcel Cachin,27,0,3,48.81411442356866,2.39090770483017,2021-05-12 12:59:30
42517412,Gambetta - Saint Fargeau,0,2,22,48.871244610447015,2.4039056897163396,2021-05-12 12:56:48
37815993,Mutualité,28,3,6,48.8482255727241,2.350287325680256,2021-05-12 12:58:11
213683101,Lecourbe - Jean Maridor,6,0,12,48.83796366147599,2.2877392172813416,2021-05-12 12:58:19
213684750,Grenelle - Violet,25,2,7,48.84993035512154,2.294612042605877,2021-05-12 12:57:52
129067920,Mouton Duvernet - Général Leclerc,0,0,39,48.831632518292565,2.3293121159076686,2021-05-12 12:58:27
2515049357,Erasme - Ulm,5,11,8,48.84264375274712,2.3445946723222733,2021-05-12 12:57:46
27364743,Marc Sangnier - Porte de Vanves,1,0,20,48.825218683556734,2.3107116669416428,2021-05-12 12:55:04
102314792,Etienne Jodelle - Saint Ouen,0,0,33,48.88794016394694,2.326124420314341,2021-05-12 12:53:43
35447568,Guy Môquet - Etienne Dolet,0,0,20,48.81527009991819,2.298078276995073,2021-05-12 12:57:45
27415736,Jean Jaurès - Presles,6,2,19,48.90713441498779,2.396005728053061,2021-05-12 12:59:35
583178525,Boissière - Etienne Dolet,0,2,19,48.876111,2.4677312,2021-05-12 12:57:44
2514995690,Chabanais - Petits Champs,17,7,6,48.86703740186721,2.336716018617153,2021-05-12 12:59:51
572566600,Edouard Tremblay - Julian Grimau,1,4,24,48.78138382511671,2.3723508417606354,2021-05-12 12:58:43
82387816,Bertie Albrecht - Hoche,13,5,12,48.87614039826388,2.301303138307601,2021-05-12 12:58:45
213679512,Sibelle - Alésia,2,0,23,48.826701758539215,2.3384983465075493,2021-05-12 12:55:17
213685090,Cevennes - Bergers,9,6,13,48.84240765130395,2.281037718057633,2021-05-12 12:59:20
301841024,Molière - République,0,1,28,48.81111581390707,2.3145738624448158,2021-05-12 12:58:25
213676294,Chevaleret - Tolbiac,9,2,10,48.82941,2.375934,2021-05-12 12:57:15
85147829,Hôtel de Ville de Boulogne Billancourt,18,3,2,48.83495885166784,2.2416803240776066,2021-05-12 12:59:46
588452142,Hoche - Jean Lolive,1,3,20,48.89110239200789,2.402843534946442,2021-05-12 12:56:35
213681356,David Weill - Parc Montsouris,1,0,21,48.821092374256104,2.333725690841675,2021-05-12 12:56:38
213685514,Place Robert Guillemard,18,0,3,48.836191728066666,2.2811267160086417,2021-05-12 12:59:02
66491402,Marcadet - Barbès,2,3,31,48.89045112096476,2.349057392968696,2021-05-12 12:59:36
2515351285,Vaugirard - Place Henri Rollet,1,2,24,48.83659148147257,2.2930556908249855,2021-05-12 12:52:39
102329800,Marcelin Berthelot,7,1,18,48.8415473058801,2.233161628246308,2021-05-12 12:53:22
129038848,Enghien - Faubourg Poissonnière,0,0,16,48.87242006305313,2.348395236282807,2021-02-21 21:15:22
54000625,Repos - Cimetière du Père Lachaise,14,0,18,48.859358523592554,2.389613136684456,2021-05-12 12:57:35
213911772,François Debergue - Croix de Chavaux,2,5,49,48.857421708072074,2.437578141689301,2021-05-12 12:59:37
129132870,Nationale - Place Jules Guesde,2,3,18,48.82753962462998,2.2416052222251897,2021-05-12 12:58:13
620403530,Gabriel Péri - Danielle Casanova,6,9,4,48.790114,2.4025777,2021-05-12 12:59:06
66491378,Lakanal - Commerce,33,0,20,48.84442462786544,2.294059172272682,2021-05-12 12:59:49
631773910,Carnot - Pâquerettes,11,3,11,48.79592939432515,2.4261841177940373,2021-05-12 12:58:23
54000628,Claude Debussy - Marc Bloch,6,0,20,48.91038818051166,2.3117771744728093,2021-05-12 12:59:18
611152693,Tertres - Fontaine,0,1,26,48.787553654715644,2.306235730648041,2021-05-12 12:59:44
235241110,Gare Rer de Fontenay sous Bois,6,4,50,48.8436279,2.4630465,2021-05-12 12:59:38
613737748,Raspail - Manufacture des Oeillets,6,1,25,48.8094458,2.3903009,2021-05-12 12:58:11
41498023,Oberkampf - République,0,4,20,48.8654533,2.3760261,2021-05-12 12:58:46
632086890,Place de l'Eglise,10,2,14,48.791922819921815,2.395057752728462,2021-05-12 12:58:45
213945171,Noisy le Sec - Jean-Baptiste Clément,0,1,21,48.87451538963655,2.415283620357514,2021-05-12 12:54:06
129093478,Place de la Porte de Champerret,0,2,25,48.88561741628322,2.290781411279206,2021-05-12 12:55:25
463297497,Marcelle - Thalie,1,2,17,48.8835462,2.4137883,2021-05-12 12:58:26
213875650,Henri Ste-Claire Déville - Paul Héroult,5,1,18,48.892663,2.172411,2021-05-12 12:50:00
245187072,Louis Lumière - Porte de Bagnolet,3,0,17,48.86431136000005,2.4105210229754443,2021-05-12 12:58:21
129144878,Paris - Emile Zola,6,2,20,48.854898095789295,2.4186685681343083,2021-05-12 12:59:05
27415665,Jean Jaurès - Salvador Allende,3,2,38,48.821475594736775,2.3026576638221745,2021-05-12 12:59:10
593238093,Victoire - Chaussée d'Antin,14,4,4,48.875065791004396,2.3316738009452824,2021-05-12 12:59:46
102331767,Victor Hugo - Galliéni,6,1,25,48.83802015441127,2.2460845112800603,2021-05-12 12:59:33
1062671597,Cossonnerie - Sébastopol,6,3,14,48.86132665908402,2.349419631063938,2021-05-12 12:59:30
37791,Richard Lenoir - Jean-Pierre Timbaud,6,3,26,48.86580427668637,2.369337074966926,2021-05-12 12:57:44
50156117,Legendre - Dulong,0,2,21,48.885325169402904,2.316423766314984,2021-05-12 12:58:26
35908,Cujas - Saint-Michel,7,2,10,48.84819134858432,2.34183165485398,2021-05-12 12:52:32
15462236,Galilée - Kléber,1,4,28,48.86741186571367,2.290781380114821,2021-05-12 12:52:04
1765749389,Karl Marx,5,1,10,48.784527937293184,2.3646667979455587,2021-05-12 12:55:16
210744286,Chemin Vert - Saint-Maur,1,0,44,48.86112461407359,2.381299026310444,2021-05-12 12:57:00
101024234,Quai Panhard et Levassor,40,5,10,48.82837482809675,2.384273745805574,2021-05-12 12:55:24
213992316,Square du Théâtre du Garde-Chasse,1,2,44,48.881287375060616,2.420119643211365,2021-05-12 12:59:26
213694482,Botzaris - Parc des Buttes Chaumont,0,1,16,48.877951,2.381464,2021-05-12 12:58:14
39799329,Faubourg Montmartre - La Fayette,16,7,11,48.87525454905335,2.340853661298752,2021-05-12 12:58:54
129011497,Rochechouart lamartine,4,3,16,48.876719895109,2.344393021853951,2021-05-12 12:59:52
101743895,Joseph Liouville - Croix Nivert,32,0,32,48.844835471244416,2.297508493065834,2021-05-12 12:58:14
213691848,Place Madeleine Daniélou,8,2,29,48.883498,2.282015,2021-05-12 12:57:19
210396518,Estrapade - Ulm,6,8,2,48.84512772828039,2.3454568170361734,2021-05-12 12:59:32
97677210,Parmentier - République ,3,1,46,48.8644954,2.3750124,2021-05-12 12:59:11
875078767,Lieutenant Chauré - Etienne Marey,0,1,19,48.86746195408435,2.405970990657807,2021-05-12 12:56:20
213683992,Cauchy - Cévennes,36,3,9,48.8433725710224,2.275132834911347,2021-05-12 12:59:04
102338493,Larmeroux - Baudelaire,3,3,23,48.816939911291605,2.280989480484553,2021-05-12 12:57:52
54000601,Jean-François Lépine - Stephenson,0,0,22,48.88611466796807,2.356855627529275,2021-05-12 12:52:02
27362896,Beffroy,10,4,9,48.886591074487995,2.261394560337067,2021-05-12 12:59:42
213687140,Molitor - Chardon-Lagache,8,3,23,48.84520880183234,2.2656840831041336,2021-05-12 12:59:17
235599121,Général De Gaulle - Alouette,1,1,21,48.839109,2.4175664,2021-05-12 12:59:51
213680917,Abbé Carton - Plantes,0,3,22,48.827673823165846,2.320918142795563,2021-05-12 12:51:38
1057774603,Marie-Georges Picquart - Pereire,0,0,32,48.88863669349711,2.3111706599593163,2021-05-12 12:55:27
213688462,Sablons - Georges Mandel,5,1,29,48.863875,2.28189,2021-05-12 12:59:35
102749572,Gare RER de Vincennes,22,8,17,48.847563015126106,2.433383166790009,2021-05-12 12:59:19
549876068,Villette - Belleville,4,5,37,48.872687731400255,2.3764613270759587,2021-05-12 12:58:58
390212609,Théophile Gautier - François Millet,7,8,15,48.85034821320644,2.273029983043671,2021-05-12 12:57:29
63498079,Marché Secrétan,0,3,20,48.88125496379482,2.373463287949562,2021-05-12 12:59:13
210573120,Hoche - Tilsitt,3,9,18,48.87483645783703,2.297132313251496,2021-05-12 12:57:49
39254792,Mairie du 11ème,18,4,29,48.858925,2.3789759,2021-05-12 12:59:18
1558958733,Arche - Léonard de Vinci,2,2,23,48.89790972494496,2.2383723043644914,2021-05-12 12:59:50
213936755,Edouard Vaillant - Galliéni,0,0,49,48.85846288166117,2.4147954583168034,2020-08-14 04:12:17
2515802454,Charles de Gaulle - Sablonville,0,3,22,48.87991924860035,2.2763770446181297,2021-05-12 12:53:30
648227675,Auguste Cain - Jean Moulin,1,0,39,48.82577028927573,2.3210415244102482,2021-05-12 12:58:49
42566291,Miromesnil - La Boétie,21,13,0,48.87372241291653,2.315848097205162,2021-05-12 12:59:44
1062206433,Chemin Vert - Fraternité,2,1,14,48.877141208359035,2.4461565166711807,2021-05-12 12:57:10
129032910,Marseille - Beaurepaire,9,0,46,48.871624306962985,2.3639265082738348,2021-05-12 12:57:52
237624030,Mathurins - Auber,19,7,7,48.872988840743595,2.3294984212276404,2021-05-12 12:59:32
647826568,Saint-Germain - Thenard,22,6,2,48.850571,2.3471015,2021-05-12 12:59:46
54000577,Arago - Glacière,3,3,21,48.83486054775774,2.3445770524322067,2021-05-12 12:59:45
54001024,Parmentier - Abel Rabaud,2,0,51,48.86921273836114,2.371688821240712,2021-05-12 12:54:13
94250567,Mairie d'Ivry-sur-Seine,45,0,7,48.81057120969284,2.3842826485633855,2021-05-12 12:59:38
129078200,Parc Georges Brassens - Brancion,1,0,27,48.83227829269761,2.3022570088505745,2021-05-12 12:55:04
649888071,Place Paul Eluard,7,6,5,48.7672039733195,2.4144977331161503,2021-05-12 12:57:19
82563707,Exelmans - Michel-Ange,3,2,28,48.84309486651855,2.2597770800669053,2021-05-12 12:57:56
129143598,Pierret - Madrid,3,2,21,48.882976576876565,2.260125767248034,2021-05-12 12:53:01
213690847,Reims - Raymond Pitet,17,6,14,48.8888,2.296319,2021-05-12 12:59:24
102333275,Saint-Vincent - Verdun,20,5,8,48.819211549234495,2.254007756710053,2021-05-12 12:58:38
640629438,Aristide Briand - Gare de Bagneux,1,0,19,48.79387269664978,2.321148812770844,2021-05-12 12:59:21
27415512,Parc Roger Salengro,16,2,18,48.905303858641844,2.310559451580048,2021-05-12 12:59:50
27363362,Seine - Flandre,1,0,17,48.886785741479684,2.3746193200349808,2021-05-12 12:52:14
210746090,Grand Prieuré - Crussol,11,2,33,48.86466062793517,2.369226553182906,2021-05-12 12:58:56
213957917,Wilson - Métallurgie,1,1,26,48.909423010092326,2.3584435880184174,2021-05-12 12:54:14
54000626,Madame de Sanzillon - Mozart,3,1,15,48.90379820774301,2.3187401890754704,2021-05-12 12:58:09
6399,Hautpoul - Jean Jaurès,3,0,26,48.88639367943585,2.386541454435452,2021-05-12 12:59:23
27414841,Square d'Anvers,1,2,29,48.882633484310816,2.344884406212207,2021-05-12 12:58:15
82253759,Mairie du 7ème,20,4,2,48.8577967,2.3192664,2021-05-12 12:59:46
82457375,Volontaire - Lecourbe,10,1,20,48.8435137879902,2.3065522313117985,2021-05-12 12:59:35
54000609,Laumière - Petit,2,3,29,48.88467368538326,2.380039058625698,2021-05-12 12:59:47
82328045,Victoria - Place du Chatelet,3,7,12,48.85799259152685,2.3469167947769165,2021-05-12 12:59:32
55664548,Charonne - Faubourg Saint-Antoine,22,4,8,48.85219190969573,2.3740932717919354,2021-05-12 12:57:51
214134714,Gare Arcueil - Cachan,5,10,8,48.799824,2.328171,2021-05-12 12:59:15
214139374,Gare RER de Gentilly,1,3,25,48.814280450380224,2.3410347104072575,2021-05-12 12:56:49
213702608,Boyer - Ménilmontant,0,4,14,48.86889516267913,2.3919824145634565,2021-05-12 12:59:51
559507144,Place Jean Ferrat,1,4,19,48.8184945213025,2.3744174838066106,2021-05-12 12:58:21
101740379,Boulard - Daguerre,2,4,39,48.83446472680611,2.3293386027216907,2021-05-12 12:57:45
213694069,Flandre - Alphonse Karr,0,0,26,48.89465,2.381868,2021-05-12 12:54:34
213700358,Villiers de l'Isle Adam - Pyrénées,0,1,19,48.867362,2.396222,2021-05-12 12:57:51
653063170,Place de la Porte de Paris,9,4,26,48.93009363207303,2.3564037680625916,2021-05-12 12:59:37
3906215030,Place Amédée Gordini - Lefebvre,0,2,36,48.83061737745046,2.2920634208276174,2021-05-12 12:58:43
468843711,Saint Georges - d'Aumale,1,3,18,48.87778639599673,2.337429821491241,2021-05-12 12:59:45
129151834,Stalingrad - Désiré Chevalier,2,2,34,48.85670169739857,2.445072233676911,2021-05-12 12:59:49
237041013,Saint-Jacques - Soufflot,10,3,6,48.8465255,2.343099,2021-05-12 12:59:45
54000553,Marignan - Champs-Elysées,6,7,5,48.869495661232406,2.306613813900307,2021-05-12 12:56:29
653200142,Hôtel de Ville de Nanterre,4,8,25,48.892371898250424,2.205548956990242,2021-05-12 12:59:33
650091839,Victor Hugo - Ecoles,11,9,4,48.80476007936134,2.4180373930262093,2021-05-12 12:53:51
362869414,Hôpital Bégin,20,3,0,48.84571672113014,2.4272462725639348,2021-05-12 12:57:59
49859500,Charenton - Diderot,5,6,7,48.84617146118711,2.3793068155646324,2021-05-12 12:59:39
100859941,Raspail - Bac,10,11,31,48.855628721100935,2.3256602883338933,2021-05-12 12:56:33
49368561,Jules Ferry - Faubourg du Temple Paris,8,2,47,48.868397,2.3678933,2021-05-12 12:59:06
42743053,Stephenson - Doudeauville,1,3,32,48.888537048944826,2.3561610281467438,2021-05-12 12:55:49
213699913,Place de l'Édit de Nantes,3,1,25,48.88879,2.3785,2021-05-12 12:59:36
4329844165,Tristan Tzara -  Tchaïkovski,3,0,29,48.89490221746837,2.3648490384221077,2021-05-12 12:57:34
378626842,Anatole France - Louise Michel,10,2,38,48.88873214926474,2.2881576418876652,2021-05-12 12:58:36
478952881,Boulets - Voltaire,4,0,20,48.85218705621031,2.389030158519745,2021-05-12 12:59:51
933214552,Guynemer - Séverine ,9,1,14,48.83091743371036,2.2790706530213356,2021-05-12 12:59:30
39217683,Alfred Roll - Berthier,1,0,28,48.88780857052871,2.30009529817631,2021-03-11 02:07:09
210090269,Jean Macé - Faidherbe,4,5,54,48.85337548425958,2.3828620836138725,2021-05-12 12:59:04
376664868,Gaston Roussel - Commune de Paris,4,0,24,48.89432034553156,2.432552274419542,2021-05-12 12:59:31
2515927759,Stalingrad - Germaine Tailleferre,8,4,16,48.80257200481316,2.3786691203713417,2021-05-12 12:55:37
205955605,Bienfaisance - Place de Narvik,10,3,22,48.87660163459077,2.3129771277308464,2021-05-12 12:57:56
27414945,Montgallet - Charenton,8,5,3,48.84264777870052,2.386164927813738,2021-05-12 12:58:25
38263504,Place Jacques Madaule,5,3,16,48.8239337873086,2.2606918215751652,2021-05-12 12:58:49
338824395,Bourse du Travail,7,4,5,48.868976638825686,2.362343855202198,2021-05-12 12:59:39
66491370,Jacques Callot - Mazarine,17,0,11,48.85528017533187,2.337574325501919,2021-05-12 12:58:53
66491392,Parmentier - Hôpital Saint-Louis,5,2,34,48.87137987425661,2.369896383666685,2021-05-12 12:58:44
353462947,Richard Wallace - Place du 8 Mai 1945,2,3,22,48.87866794788021,2.2420343756675725,2021-05-12 12:58:50
1559700274,Square Gilbert Thomain,5,3,12,48.90717373809284,2.2695400938391685,2021-05-12 12:49:57
250061205,Quai d'Orsay - Invalides,0,0,18,48.863096900140626,2.316989621020396,2021-01-23 13:02:41
338762459,Edouard Poisson - Victor Hugo,2,3,26,48.91113914952997,2.3792722821235657,2021-05-12 12:59:42
213688824,Faustin Hélie - Desbordes-Valmore,2,0,30,48.859403,2.276522,2021-05-12 12:59:46
82337423,Varenne,18,7,21,48.8572026618033,2.315277121961117,2021-05-12 12:59:48
66491404,Flandre - Riquet,0,0,20,48.888013281448345,2.373759595522922,2021-05-12 12:59:14
652120758,Place de la Porte de Châtillon,1,1,57,48.8242469,2.3186306,2021-05-12 12:51:05
501318622,Montreuil - Gonnet,6,3,14,48.85050056492107,2.389085628786445,2021-05-12 12:59:39
66491393,Dupleix - du Guesclin,23,3,21,48.85147910413369,2.296709530055523,2021-05-12 12:54:04
323486248,Montgallet - Reuilly,0,0,16,48.844291,2.3896481,2021-05-12 12:53:51
341388492,Place des Ternes,0,5,40,48.878438631226516,2.297727763652802,2021-05-12 12:57:55
1062223873,Ancien Canal - Hélène Brion,2,3,14,48.89484799296163,2.4188338592648506,2021-05-12 12:59:39
49085250,Departement - Pajol,1,1,16,48.886674849730184,2.3613611608743668,2021-05-12 12:56:24
376526598,Mairie des Lilas,0,1,45,48.8792834,2.4160182,2021-05-12 12:58:29
27071684,Porte de Vincennes,8,1,24,48.846454,2.415514,2021-05-12 12:58:45
2515907297,Pasteur - Gambetta,0,2,14,48.84572797384512,2.4236011505126953,2021-05-12 12:55:48
66491401,Fragonard - Porte de Clichy,15,1,38,48.89415563341899,2.314389310777188,2021-05-12 12:59:38
985828965,Place de Verdun,34,1,4,48.8202823,2.473775,2021-05-12 12:59:11
54000597,Bayen - Pereire,6,2,13,48.881804409079656,2.2921088710427284,2021-05-12 12:55:16
570185777,Gare de Courbevoie,1,3,32,48.8993867,2.2506506,2021-05-12 12:56:17
470807791,Jardin d'Acclimatation,4,2,25,48.878772242510465,2.270772233605385,2021-05-12 12:55:27
82445192,Gare Montparnasse - René Mouchotte,2,5,32,48.83920384329242,2.320883944630623,2021-05-12 12:59:45
2515658032,Clignancourt - Sofia,3,2,13,48.88511992309783,2.34719488842051,2021-05-12 12:54:26
568135465,Paul Vaillant Couturier - Chaptal,9,11,17,48.89347957618252,2.277525365352631,2021-05-12 12:57:53
567884788,Vincent Auriol - Louise Weiss,12,6,2,48.83400193550147,2.370388805866242,2021-05-12 12:59:52
214102967,Gare de Laplace,5,9,29,48.80893199114179,2.3349460959434514,2021-05-12 12:58:59
82417874,Alexandre Dumas - Voltaire,14,6,38,48.85288867036487,2.389147640809553,2021-05-12 12:58:57
102319838,Quai de la Loire - Jean Jaurès,1,1,13,48.88339733854529,2.371074522980134,2021-05-12 12:58:26
82423726,Gare de Lyon - Roland Barthes,60,3,5,48.84395729494058,2.3790882155299187,2021-05-12 12:58:55
652192395,Route de Sèvres - Porte de Bagatelle,5,0,58,48.87525984132485,2.249415814876557,2021-05-12 12:55:05
571923059,Bordier - Félix Faure,0,3,45,48.90390751882016,2.3830059170722966,2021-05-12 12:58:18
66491405,Charonne - Avron,1,0,24,48.85160266522164,2.398403047037931,2021-05-12 12:59:48
54000635,Félix Faure - Sadi Carnot,3,0,31,48.90812110228388,2.378623187541962,2021-05-12 12:59:15
54000544,Jussieu - Fossés Saint-Bernard,31,3,4,48.84718551002347,2.3534858599305153,2021-05-12 12:59:07
1062179194,18 juin 1940 - Buzenval,0,4,20,48.868807,2.185428,2021-05-12 12:59:13
1063017616,Mairie de La Garenne Colombes,6,0,15,48.90663823468682,2.24679596722126,2021-05-12 12:58:40
378648513,Jean Colly - Tolbiac,8,3,23,48.827817291597846,2.3705490678548813,2021-05-12 12:58:00
27278603,Porte de la Villette,6,0,19,48.89835196548483,2.386150136590004,2021-05-12 12:53:59
13497763,Ouest - Château ,3,0,20,48.83617286014242,2.319392143923804,2021-05-12 12:56:52
653042442,Place aux Étoiles,8,10,21,48.91835629408464,2.3523425683379173,2021-05-12 12:56:55
49807107,Flandrin - Henri Martin,0,1,17,48.8643275,2.2724174,2021-05-12 12:59:36
82450803,Square Cambronne,28,2,23,48.847566545259745,2.3025691509246826,2021-05-12 12:59:24
210747224,Pirogues de Bercy - Libourne,30,4,15,48.832308,2.38637,2021-05-12 12:59:38
210568512,Assemblée Nationale,27,11,24,48.86141101465194,2.320121418520769,2021-05-12 12:59:40
213691542,Porte Maillot - Pereire,6,11,34,48.877775,2.284444,2021-05-12 12:59:09
357409723,Place Violet,6,0,23,48.84487893836502,2.2905756533145905,2021-05-12 12:58:56
2515855808,Madeleine Vionnet,13,10,9,48.90251907406377,2.37408958375454,2021-05-12 12:59:35
384370499,Place Charles Vallin,1,0,25,48.83552381204077,2.302598655223847,2021-05-12 12:58:56
49403716,Commandant Rivière,19,3,4,48.872933,2.309796,2021-05-12 12:58:12
85165045,Place Jean-Baptiste Clément,0,5,19,48.81240466867336,2.3617091774940495,2021-05-12 12:56:44
27363103,Porte d'Auteuil,1,4,27,48.8479394142243,2.2608396783471107,2021-05-12 12:59:35
27415179,Sarrette - Général Leclerc,1,0,21,48.82503085292528,2.326412869398186,2021-05-12 12:55:51
54000571,Dugommier,14,2,35,48.8388110488154,2.38965779542923,2021-05-12 12:59:51
85145704,Réunion - Avron,1,1,23,48.852566752033766,2.403928068708116,2021-05-12 12:53:21
653044270,Claude Bernard - Arbalète,1,2,13,48.83976676978202,2.347510904073715,2021-05-12 12:58:40
26958435,Square des Saint-Simoniens,0,0,25,48.8701796,2.3967273,2021-05-12 12:59:39
6385,Petit - Manin,1,0,20,48.88650687534334,2.3938155401308374,2021-05-12 12:50:55
213857398,Gare de Clamart,3,2,9,48.81383535598703,2.272278964519501,2021-05-12 12:58:05
82550925,Place des Marseillais,11,2,22,48.82663907252554,2.4059280753135686,2021-05-12 12:59:37
27363096,Charenton - Wattignies,2,0,29,48.83667579640627,2.391795855555629,2021-05-12 12:57:52
210753033,Gare d'Austerlitz,0,2,12,48.842524,2.364044,2021-05-12 12:59:44
129119449,Ménilmontant - Pelleport,0,1,17,48.87068263384462,2.398959602331646,2021-05-12 12:56:52
475524450,Chanzy - Sud-Est,2,0,20,48.888912037698766,2.195632159709931,2021-05-12 12:58:41
653048150,Jussieu - Guy de la Brosse,32,4,4,48.845665,2.355653,2021-05-12 12:59:45
244400797,Jean Lolive - Parc Stalingrad,2,3,17,48.89206174403158,2.4091735482215886,2021-05-12 12:51:52
213922790,Champeaux - Gallieni,3,3,43,48.864459134684644,2.4161778017878532,2021-05-12 12:57:24
129001431,Courcelles - Place des Ternes,5,5,20,48.878199928923124,2.2992860188665043,2021-05-12 12:57:56
2515618216,Longchamp - Suresnes,0,0,0,48.86300828622305,2.240828142726961,2019-10-10 10:57:21
473204291,Victor Hugo - Magasins Généraux,16,1,17,48.903281401126755,2.368072383105755,2021-05-12 12:59:31
653203262,Parc Pierre Lagravère,5,3,21,48.92650488131725,2.239069678491417,2021-05-12 12:52:52
406806401,Guichet - Jean Jaurès,7,2,18,48.905169868129036,2.3023840785026555,2021-05-12 12:59:46
85143075,Evariste Galois,0,1,28,48.87308753734472,2.4133380129933357,2021-05-12 12:59:41
1063035479,Parvis Robert Schuman - Roger Salengro,0,0,23,48.812657470558754,2.1921751275658607,2021-05-12 12:57:58
82571110,Verdun - Place Henri IV,2,2,21,48.870797375639214,2.2277003154158592,2021-05-12 12:54:20
27399735,Ernest Renan - Parc des Expositions,31,3,16,48.83089757010408,2.2853584215044975,2021-05-12 12:59:28
54000582,Edgar Quinet - Gaité,0,0,27,48.84116092896631,2.32459545135498,2021-05-12 12:56:59
217235307,Place Carnot,3,1,17,48.85593932186797,2.441531717777252,2021-05-12 12:58:53
210748575,Gravelle - Route du Bac,2,3,44,48.824407,2.418455,2021-05-12 12:57:01
214123470, Place Léon Gambetta,18,0,8,48.81461250235386,2.4029293656349187,2021-05-12 12:59:20
129086648,Ceinture du Lac Inferieure - Saint-Cloud,5,1,35,48.86218070933143,2.2617871686816216,2021-05-12 12:55:59
217572769,Anatole France - Jean Lolive,3,2,23,48.8949922,2.4253764,2021-05-12 12:59:15
214298601,Boyer-Barret - Raymond Losserand,0,0,23,48.83329880233322,2.3173383995890617,2021-05-12 12:59:20
129125489,Piat - Parc de Belleville,0,1,20,48.87195626635528,2.384981390278095,2021-05-12 12:57:52
653046029,Place Valhubert,31,3,3,48.844182577315166,2.3640366643667217,2021-05-12 12:58:55
214122655,Lagny - Joffre,7,5,16,48.84930687084088,2.417949736118317,2021-05-12 12:58:02
15461933,Parc Monceau,3,5,10,48.88107791412864,2.3095492646098137,2021-05-12 12:53:04
43155320,Porte d'Orléans,1,0,47,48.8227639,2.3249313,2021-05-12 12:58:07
82458977,Place Falguière,1,1,21,48.83629973941847,2.3104464635252953,2021-05-12 12:58:42
214146056,Vignerons - Minimes,5,4,16,48.841486,2.430793,2021-05-12 12:57:37
129077035,Emeriau - Place de Brazzaville,38,2,11,48.850785261674964,2.2871585190296173,2021-05-12 12:59:32
221047138,Pierre et Marie Curie - Julien Grimau,1,1,14,48.870714014863225,2.424097023904324,2021-05-12 12:54:41
35196898,Gare d'Austerlitz - Quai Saint-Bernard,19,6,2,48.84369030863996,2.3657163977622986,2021-05-12 12:58:54
15308782,Sommerard - Saint-Jacques,18,2,14,48.850310432924466,2.345015835298588,2021-05-12 12:59:43
216473073,Tardieu - Chappe,0,0,16,48.88414675978186,2.3418454080820084,2021-05-12 12:59:17
37521,Petites Ecuries - Faubourg Poissonnière,10,2,5,48.87397217237368,2.348388757504776,2021-05-12 12:59:47
82421994,Gare de Bercy,9,2,23,48.839794573905685,2.382606603205204,2021-05-12 12:57:17
27033125,Pierre Ginier - Clichy,0,0,15,48.8867667,2.326228,2021-05-12 12:55:54
215495494,Batignolles - Place de Clichy,0,0,45,48.88347453575669,2.326493114233017,2021-05-12 12:59:49
129103849,Francoeur - Marcadet,0,0,20,48.89104123261663,2.340014585442034,2021-05-12 12:56:24
1057009034,Henri Chevreau - Couronnes,0,1,26,48.87033205312931,2.388777695596218,2021-05-12 12:59:18
82334007,Pascal - Claude Bernard,16,2,31,48.839061952159746,2.3499782010912895,2021-05-12 12:58:40
85008390,Grenelle - Dr Finlay,0,0,71,48.851315406715976,2.2919502854347233,2021-03-29 09:17:46
2515976231,Université,1,7,9,48.901365,2.212693,2021-05-12 12:56:50
216039437,Lamennais - Washington ,7,4,13,48.87352990026496,2.303444892168045,2021-05-12 12:58:53
129130397,Pierre Grenier - Pont de Billancourt,7,2,11,48.8258020742942,2.2487989068031315,2021-05-12 12:54:58
54000634,Bineau - Louise Michel,3,5,16,48.88666162206972,2.2843274474143986,2021-05-12 12:59:12
419381597,Professeur René Leriche - Général Leclerc ,15,13,19,48.90782845483013,2.307887971401215,2021-05-12 12:56:50
434419150,Bara - Henri Farman,19,0,15,48.833218027457846,2.2677567601203923,2021-05-12 12:59:20
54000548,Quai Voltaire,9,0,22,48.85894298617901,2.331418204714572,2021-05-12 12:57:20
54000595,Navier - Epinettes,1,0,34,48.89587780769155,2.3226776719093327,2021-05-12 12:57:12
426772876,Ledru-Rollin - Charonne,8,2,22,48.85345855607243,2.3772463581947094,2021-05-12 12:56:01
74620630,Parc de Belleville - Julien Lacroix,4,2,19,48.8703459,2.3842214,2021-05-12 12:59:41
653129412,Vladimir Ilitch Lénine - Andrée Chedid,0,2,29,48.813199499999044,2.3321458697319035,2021-05-12 12:55:58
129095489,Batignolles - Abel Truchet,2,2,24,48.88310390458221,2.323834749088381,2021-05-12 12:58:46
82421013,Charenton - Place du Col Bourgoin,14,7,14,48.84486731955409,2.382578935054453,2021-05-12 12:59:44
213686196,Lauriston - Copernic,0,0,19,48.86926,2.289918,2021-01-08 06:44:26
129134084,Morice - Général Leclerc,2,3,19,48.90245471981591,2.3128929734230046,2021-05-12 12:59:46
129036192,Gare de l'Est - Verdun,5,1,7,48.87615605427147,2.360914908320552,2021-05-12 12:58:30
210754072,Place Jean Delay,3,1,31,48.823316,2.354336,2021-05-12 12:57:06
419991048,Pont de Levallois-bécon ,16,4,27,48.8984179,2.2791311,2021-05-12 12:59:45
2820744873,Pierre Larousse - Raymond Losserand,0,2,28,48.83059564231877,2.3119183257222176,2021-05-12 12:59:47
213676825,Pitié-Salpêtrière,36,9,6,48.83748810318667,2.365213818848133,2021-05-12 12:59:44
15299574,Charles Delescluze,19,2,28,48.85242200848887,2.380632497370243,2021-05-12 12:57:03
41566122,Vasco de Gama,39,4,11,48.83671783466264,2.283664085650799,2021-05-12 12:58:25
963786819,Jonquoy - Didot,0,2,29,48.82890454823947,2.31648076325655,2021-05-12 12:53:01
427678168,Lucien Sampaix - Récollets,5,2,35,48.874330377560476,2.3621229082345963,2021-05-12 12:59:06
976762284,Place du Général de Gaulle,2,4,19,48.8525288,2.4877332,2021-05-12 12:58:14
129091653,Gare de Pont-Cardinet,2,3,29,48.88713901475306,2.314494143994255,2021-05-12 12:58:27
27414601,Saint-François-Xavier,23,1,17,48.851544847689894,2.3146149516105656,2021-05-12 12:58:35
252339799,Edouard Vaillant - Paul-Adolphe Souriau,8,5,15,48.83484585882868,2.2479459643363957,2021-05-12 12:53:40
224589573,Michelet - Assas,4,3,10,48.84274150283194,2.335021197795868,2021-05-12 12:57:32
220502135,Porte Dorée,15,4,17,48.8354337,2.4077132,2021-05-12 12:59:00
1805401614,Sèvres-Gallieni,16,2,5,48.83780940895712,2.2281519323587418,2021-05-12 12:58:59
129114993,Belleville - Porte des Lilas,0,4,24,48.87660391892763,2.404769691129476,2021-05-12 12:58:57
129124069,Haxo - Surmelin,0,1,19,48.8694370761222,2.40539657537972,2021-05-12 12:56:06
221041655,Porte de Clignancourt,2,2,52,48.897488,2.343996,2021-05-12 12:57:40
129061615,Primo Levi - Frigos,22,13,0,48.83094844846017,2.37965351592796,2021-05-12 12:56:46
221094844,Place Alphonse Deville,17,3,2,48.85018826266191,2.3275961726903915,2021-05-12 12:57:54
220726050,Mézières - Rennes ,17,5,32,48.85023459321703,2.3303819820284843,2021-05-12 12:59:03
254224239,Place Adolphe Cherioux - Vaugirard,15,1,47,48.83959442800459,2.3010657727718353,2021-05-12 12:58:31
252301607,Charles de Gaulle - Madrid,5,5,11,48.884432270367995,2.2608044743537907,2021-05-12 12:58:35
129116697,Tanger - Place du Maroc,1,3,14,48.8862524447104,2.3689296841621403,2021-05-12 12:54:48
977409509,Vincennes - Douy-Delcupe,1,2,34,48.85493692155721,2.436049282550812,2021-05-12 12:57:37
653055049,Place du Cornillon - Stade de France,6,2,25,48.92540695835961,2.3644426837563515,2021-05-12 12:58:58
1057769632,Porte de Saint-Ouen - Henri Huchard,5,3,18,48.898708366365064,2.3295360803604126,2021-05-12 12:58:04
1333959209,Génie - Mozart,5,0,14,48.794902381218904,2.3734183609485626,2021-05-12 12:52:01
213690256,Place du Maréchal Juin - Péreire,10,4,32,48.885263,2.298286,2021-05-12 12:59:48
476183970,Gare de l'Est - Place du 11 Novembre 1918,1,3,37,48.876327,2.3585464,2021-05-12 12:54:15
632007124,Lucie Aubrac - Franklin,7,1,24,48.86223916006812,2.4435862898826604,2021-05-12 12:57:08
977206088,Hôtel de Ville d'Argenteuil,4,2,24,48.946504,2.2496396,2021-05-12 12:54:18
213868408,Gare Routière de Saint Cloud,20,5,3,48.84288183896324,2.222245037555695,2021-05-12 12:59:05
84986959,Bastille - Biscornet,32,7,22,48.851355779578945,2.369220033288002,2021-05-12 12:59:18
43165673,Belfort - Voltaire,4,0,35,48.8563358,2.3829901,2021-05-12 12:55:55
82381710,Batignolles - Rome,2,1,12,48.881823370566806,2.3202589899301524,2021-05-12 12:59:45
224598098,Dunois - Clisson,5,3,42,48.832294,2.3674523,2021-05-12 12:57:39
10968855,Colonel Monteil - Brune,1,0,18,48.8265029331101,2.30927479982717,2021-05-12 12:57:29
82508970,Verdun - Adrien Damalix,0,0,22,48.8222334178559,2.4215328320860863,2021-05-12 12:53:02
653055097,Milton - Manuel,4,1,16,48.878249,2.341181,2021-05-12 12:58:07
221038698,Mahatma Gandhi,2,1,21,48.876356,2.264205,2021-05-12 12:57:59
27246227,Edouard Pailleron - Simon Bolivar ,0,0,23,48.87979886049996,2.374839261174202,2021-05-12 12:57:10
63297,Eglise d'Auteuil,1,2,18,48.84749841771691,2.26848387135299,2021-05-12 12:58:45
213692714,Lepic - Armée d'Orient,1,1,22,48.88753640381415,2.334307730197907,2021-05-12 12:59:36
95927849,Jean Jaurès - Jean Baptiste Clément ,9,4,9,48.84576261454011,2.2369650006294255,2021-05-12 12:56:27
102341385,Château - Bineau,0,0,22,48.890404028589806,2.270106375217438,2021-05-12 12:54:35
27415327,Courcelles - Pierre Demours,4,1,20,48.883769733273496,2.29858466343129,2021-05-12 12:53:46
54000605,Mairie du 18ème,0,0,40,48.892939296937605,2.3445510864257812,2021-05-12 12:59:24
979059925,Bridaine - Lamandé,3,3,23,48.8862074,2.3206239,2021-05-12 12:58:24
6512,Porte de Ménilmontant,0,1,14,48.8691543609174,2.40932246879487,2021-05-12 12:53:09
27363323,Laffitte - Italiens,19,9,5,48.871815737396304,2.337201547845077,2021-05-12 12:58:12
85118872,Indre - Prairies,1,2,35,48.86254398506782,2.403290458023548,2021-05-12 12:56:44
253357936,Félix Faure - Lourmel,51,0,7,48.83868901709515,2.2818081825971603,2021-05-12 12:59:27
102289046,Lourmel - Marie Skobtsov,7,1,13,48.844974,2.287283,2021-05-12 12:58:47
124402232,Belleville - Télégraphe,0,3,36,48.8756045,2.3995549,2021-05-12 12:53:48
985086307,Gare d'Asnières sur Seine,12,3,9,48.90636459217474,2.2835066914558415,2021-05-12 12:58:44
984663789,Faubourg St-Antoine - Place de la Nation,2,1,33,48.8487659,2.3940436,2021-05-12 12:56:02
100798076,Danton - Serpente,16,1,5,48.85229736258167,2.3414132371544834,2021-05-12 12:59:13
15298647,Temple - Jean-Pierre Timbaud,1,1,34,48.864465972010244,2.3660597205162053,2021-05-12 12:53:43
1063404053,République - Danton,0,1,19,48.85249172181667,2.462034523487091,2021-05-12 12:58:51
82577019,Cité des Sciences et de l'Industrie,1,0,25,48.89659571178903,2.384599149227142,2021-05-12 12:59:29
76199110,Université Paris Dauphine,0,0,0,48.870707839985386,2.2748656198382378,2021-02-11 10:14:41
54000598,Mac-Mahon - Brey,4,2,17,48.877532084130166,2.294512536052928,2021-05-12 12:57:38
2515829865,Basilique,6,2,13,48.93626891059109,2.3588666820200914,2021-05-12 12:58:29
989753852,Square des Epinettes,0,0,20,48.89383909781389,2.325953990221024,2021-05-12 12:51:39
990000217,Les Planètes ,3,4,9,48.8099849920804,2.4580853059887886,2021-05-12 12:54:54
121025345,Chabrol - d'Hauteville,1,0,8,48.87701838803332,2.3513179644942284,2021-05-12 12:55:18
39256416,Pajol - Riquet ,2,3,41,48.88960028134536,2.3628534749150276,2021-05-12 12:58:35
255207155,Lassus - Delouvain,1,0,17,48.87550448459959,2.3890327325518528,2021-05-12 12:54:13
63769334,Emile Blemont - Poteau,0,3,35,48.8943782,2.3415122,2021-05-12 12:57:57
129136818,Square du Carrefour de l'Insurrection,0,1,21,48.820864559770676,2.291113436222077,2021-05-12 12:58:04
98132679, Jean Bleuzen - Square du 11 Novembre,0,0,47,48.8232579,2.2965213,2021-05-12 12:50:04
27415469,Orteaux - Mouraud,1,1,21,48.85558642847872,2.408762907764669,2021-05-12 12:59:47
39599631,François Ponsard - La Muette ,1,0,22,48.8583666,2.2744515,2021-05-12 12:58:36
84979504,Provence - Chaussée d'Antin,16,4,3,48.87428447542072,2.332976511564311,2021-05-12 12:59:24
82404497,Ledru-Rollin - Place du Père Chaillet,6,2,29,48.856433706943704,2.379020587761426,2021-05-12 12:58:02
37936869,Assas - Vaugirard,10,2,20,48.848274111397586,2.3292413726449013,2021-05-12 12:58:40
85120104,Pelleport - Belgrand,0,0,15,48.86500081847653,2.403980836377493,2021-05-12 12:56:56
54000604,Ordener - Poissonniers,1,0,33,48.891213890844654,2.351288666219873,2021-05-12 12:52:36
101748685,Place Etienne Pernet,2,3,38,48.84243457133779,2.2921819612383847,2021-05-12 12:59:38
3230175424,Place de la République,2,2,22,48.852988,2.42467,2021-05-12 12:55:20
54000608,Porte d'Aubervilliers,7,6,42,48.89859661942376,2.3689722642302513,2021-05-12 12:50:16
653080986,Toffier Decaux - Cartier Bresson,0,2,11,48.90165072551549,2.4017545580863957,2021-05-12 12:58:16
102743096,Sadi Carnot - François Mitterrand ,0,1,25,48.87532687671517,2.4241617321968083,2021-05-12 12:55:58
653059015,Bellefond - Maubeuge,1,1,29,48.878255397644715,2.345264218747616,2021-05-12 12:58:28
126175087,Gabrielle Josserand - Edouard Vaillant,1,2,21,48.90271566255436,2.3933270573616032,2021-05-12 12:53:45
101746493,Théâtre - Lourmel,24,2,27,48.8482070397636,2.2898658737540245,2021-05-12 12:58:47
27363137,Hameau Fleuri - Marché,7,3,10,48.831448892608314,2.2412404417991643,2021-05-12 12:55:42
339797666,Charles de Gaulle - Jean Lolive,2,0,23,48.8932644350857,2.4126765131950383,2021-05-12 12:59:34
1968156458,Ecole Vétérinaire,27,0,5,48.81488859822486,2.4224362157778994,2021-05-12 12:58:08
255212362,Porte de Versailles,12,2,10,48.83215381734912,2.2871491312980647,2021-05-12 12:57:12
66491394,Square Saint-Ambroise,23,1,17,48.860934,2.375841,2021-05-12 12:59:25
991351798,Aubervilliers - Curial,9,2,10,48.89088305227546,2.3688579350709915,2021-05-12 12:59:45
7304,Bassano -  Iéna,4,2,9,48.868144510482075,2.296149600985935,2021-05-12 12:52:45
54000592,Balard - Montagne de la Fage,30,2,4,48.83850740333351,2.2782871127128606,2021-05-12 12:59:31
54000572,Diderot - Pierre Bourdan,7,3,11,48.84764862079675,2.3902582749724393,2021-05-12 12:58:07
624177860,Route de la Muette - Porte de Neuilly,2,4,43,48.8798926,2.2587671,2021-05-12 12:55:00
15409531,Méchain - Faubourg Saint-Jacques,9,3,4,48.83586772099485,2.33798034198275,2021-05-12 12:58:46
29327,Stade Auguste Delaune,14,2,5,48.80896378683884,2.4345204234123234,2021-05-12 12:58:47
125469898,Square Léon,0,2,31,48.88667396788626,2.353205569088459,2021-05-12 12:51:01
36298,Jean-Baptiste Pigalle - La Bruyere,1,1,15,48.87939826447722,2.333709173337285,2021-05-12 12:59:26
37903195,Transvaal - Charles de Gaulle ,18,1,7,48.848280403628806,2.2373420120857195,2021-05-12 12:58:54
102313219,Belliard - Damrémont,1,1,30,48.89669238777841,2.338023450388167,2021-05-12 12:59:40
100906707,Boulets - Faubourg Saint-Antoine,3,3,37,48.84925926211519,2.391754614194301,2021-05-12 12:59:49
15387809,Mozart - Jasmin,3,0,58,48.85286124871689,2.268483570651513,2021-05-12 12:57:04
66491407,Haies - Réunion,2,1,17,48.85386896766491,2.402426162238911,2021-05-12 12:57:18
27369223,Maine - Antoine Bourdelle,3,3,10,48.84308531746595,2.320263946784738,2021-05-12 12:50:58
102336814,Kléber - Gouverneur Général Eboué,12,3,3,48.826885843069796,2.2723413258790965,2021-05-12 12:58:31
484423835,Président Wilson - Jean Jaures,11,0,13,48.89034054052266,2.2920683026313786,2021-05-12 12:58:49
54000618,Pyrénées - Maraîchers,0,1,17,48.85714001395299,2.4043509364128113,2021-05-12 12:51:06
653059879,Gare RER de Saint-Denis,2,3,35,48.93554324248177,2.3471488058567047,2021-05-12 12:57:53
100918666,Place Pasdeloup,7,3,10,48.86265421563133,2.3670325062844237,2021-05-12 12:59:47
653050378,Square René Viviani - Montebello,19,3,10,48.851904891406384,2.347842156887055,2021-05-12 12:59:42
84966359,Naples - Rome,1,2,22,48.879960700846226,2.321358695626259,2021-05-12 12:57:52
15291968,Place de Passy,1,4,8,48.85780291711202,2.277500546942199,2021-05-12 12:56:52
210583589,Place Jacques Bonsergent,7,2,24,48.870948218595146,2.3612049221992497,2021-05-12 12:59:23
1002059045,Pont Neuf - Rivoli,10,1,14,48.86008989261731,2.344057559967041,2021-05-12 12:57:30
1002738770,Lavandieres Sainte Opportune - Rivoli,8,0,19,48.85927970247607,2.3466217517852783,2021-05-12 12:57:20
100863462,Musée d'Orsay,12,15,38,48.85972615790874,2.325860448181629,2021-05-12 12:58:51
126354477,Clichy - Place Blanche,4,0,14,48.883601088297006,2.333223782479763,2021-05-12 12:59:50
213987795,Wilson - Landy,2,1,35,48.91516726221354,2.357633225619793,2021-05-12 12:52:14
15397468,Maison de Radio - France,10,2,34,48.85132886434057,2.277785539627075,2021-05-12 12:58:05
129101773,Caulaincourt - Place Constantin Pecqueur,0,2,42,48.8896779050281,2.33817871442611,2021-05-12 12:55:39
37647,Gare du Nord - Dunkerque,0,1,28,48.88042350842878,2.3527636751532555,2021-05-12 12:56:26
42908639,Lallier - Trudaine ,1,1,26,48.88109246617963,2.3408224806189537,2021-05-12 12:59:51
6298,Gare du Nord - Saint-Vincent de Paul,2,2,20,48.88095574164779,2.352430514838522,2021-05-12 12:58:52
42499285,Petit Palais,18,4,19,48.8667692,2.3157655,2021-05-12 12:58:27
213952930,Proudhon - Président Wilson,3,3,24,48.90644276349534,2.3584905266761784,2021-05-12 12:53:41
54000549,Villersexel - Saint-Germain,8,5,2,48.858297001217615,2.323793470859528,2021-05-12 12:59:36
85162552,Fontainebleau - Edmond Michelet,0,0,43,48.80956436844049,2.3626908659935,2021-05-12 12:59:18
2515738489,Eugène Reisz - Davout,0,0,17,48.85631874632638,2.410396970808506,2021-05-12 12:53:18
52329,Chernoviz - Raynouard,0,0,36,48.8569864146289,2.282173218142987,2021-05-12 12:56:29
256561528,Eugène Oudiné - Dessous Des Berges,25,2,15,48.8256423,2.3750226,2021-05-12 12:59:27
452920451,Mont Valérien - Michel Salles,0,5,18,48.8561915,2.2152966,2021-05-12 12:50:52
37920,Traversière - Ledru-Rollin,4,4,26,48.850735824128805,2.375870111706245,2021-05-12 12:59:50
54000621,Ménilmontant - Père Lachaise,2,0,51,48.86328729150227,2.3869940266013145,2021-05-12 12:58:52
54000588,Gare Montparnasse - Vaugirard,0,3,63,48.8418071798797,2.31951002690117,2021-05-12 12:55:43
1020700136,Neuve Saint-Pierre - Beautreillis,15,1,3,48.85355351439652,2.3639122769236565,2021-05-12 12:59:07
100855693,Sabot - Rennes,2,6,18,48.852575112948415,2.331552766263485,2021-05-12 12:59:01
9931940126,Diane Arbus,2,1,33,48.898800717199,2.3524022474884987,2021-05-12 12:51:14
54000586,Pernety - Raymond Losserand,0,0,32,48.83425462795304,2.317609339386963,2021-05-12 12:52:34
102304517,Pereire - Place de Wagram,21,2,22,48.887070607581215,2.304111124531457,2021-05-12 12:56:07
128889359,Champ de Mars - Cler,26,10,5,48.856691550115315,2.306646779179573,2021-05-12 12:58:06
54000546,Sénat - Condé,28,3,1,48.84954227788459,2.337939441204071,2021-05-12 12:59:43
129042700,Granges aux Belles - Hôpital Saint-Louis,15,6,38,48.874794994841274,2.366669436984963,2021-05-12 12:59:28
101761298,Place du Moulin de Javel,24,6,13,48.84021670922037,2.2716060653328896,2021-05-12 12:59:25
27364581,Parc de Choisy,3,2,19,48.828156251574946,2.358513532903332,2021-05-12 12:57:15
210737808,Aqueduc - Villette,1,2,24,48.883886063895396,2.36719880331497,2021-05-12 12:56:34
256124192,Belleville - Pyrénées,0,5,34,48.8741908,2.3860039,2021-05-12 12:59:20
653127524,Gustave Eiffel - Parc des Impressionnistes,7,5,13,48.90390619651018,2.2946908324956894,2021-05-12 12:58:29
2515686699,Borrégo - Gambetta,0,1,23,48.87330497045532,2.4014145880937576,2021-05-12 12:56:04
912377361,Diderot - Reuilly,25,1,18,48.84720845606067,2.3861273378133774,2021-05-12 12:59:37
35137730,Hôpital Pitié Salpêtrière,27,2,21,48.8377016,2.3604946,2021-05-12 12:59:12
259977414,Palais des Sports,15,0,2,48.83346851742578,2.2858720645308495,2021-05-12 12:59:48
88235134,Alésia - Suisses,0,0,47,48.831682520717614,2.3149869226003754,2021-05-12 12:59:36
66491408,Calmette,0,2,29,48.88104925098552,2.424993216991425,2021-05-12 12:57:58
1021176825,Billancourt - Général Leclerc ,9,0,12,48.8322649,2.2380413,2021-05-12 12:56:09
54000611,Manin - Simon Bolivar,3,1,21,48.87649965412676,2.379407362599104,2021-05-12 12:59:32
224256188,Beaujon - Wagram,6,2,20,48.87535245598514,2.2964416444301605,2021-05-12 12:59:15
36151,Favart - Italiens,15,2,0,48.87144635392104,2.338290105850787,2021-05-12 12:58:15
213848056,Parvis Corentin Celton,36,7,6,48.82747252522725,2.2784319519996648,2021-05-12 12:59:17
54000545,Parc André Citroën,37,3,25,48.840639944296655,2.2780618071556096,2021-05-12 12:59:31
66505511,François 1er - Montaigne,11,11,6,48.866887649978096,2.306675575720671,2021-05-12 12:59:25
120827885,Messine - Place Du Pérou,6,5,1,48.875448033960744,2.315508019010038,2021-05-12 12:52:53
452936197,Bois de Vincennes,10,1,48,48.8338064,2.4132221,2021-05-12 12:59:50
66491386,Surcouf - Université,44,1,13,48.861273016278126,2.309453550914185,2021-05-12 12:59:12
1023083417,Ney - Charles Hermite,7,3,9,48.89874803977525,2.3645754531025887,2021-05-12 12:55:36
1021553839,Faubourg Poissonniere - Delta,0,0,35,48.882555807626765,2.3497482016682625,2021-05-12 12:57:12
100872260,Duroc - Place de Breteuil,25,13,4,48.84746064114221,2.3126140236854558,2021-05-12 12:59:48
82568336,Jeanne Hornet - Girardot,0,0,29,48.873802681432146,2.427820265293122,2021-05-12 12:57:36
1025995767,Hôtel de Ville de Champigny sur Marne,12,2,7,48.81381062840488,2.5096759200096135,2021-05-12 12:58:46
54000466,Uzès - Montmartre,5,2,21,48.870790980240706,2.3431010171771054,2021-05-12 12:59:34
82432573,Porte d'Ivry,0,1,49,48.82176874759649,2.3688706755638127,2021-05-12 12:57:03
1396728955,Bastille - Beaumarchais,12,4,5,48.85383346385182,2.3685702681541443,2021-05-12 12:59:10
54000541,Vieille du Temple - Francs Bourgeois,6,1,22,48.858256413365815,2.35821794718504,2021-05-12 12:59:46
653065577,Gare du Nord - Demarquay,0,2,28,48.881154,2.358411,2021-05-12 12:51:08
1034242363,Place François Mitterand,0,0,33,48.86492782016328,2.442958317697048,2021-05-12 12:59:41
335780498,Greneta - Sebastopol,3,2,27,48.86524233322809,2.3516669869422917,2021-05-12 12:59:51
256403519,Place Pigalle,0,3,17,48.8827555,2.3361566,2021-05-12 12:59:43
484387018,Place du Maquis du Vercors,1,0,29,48.877321579493575,2.4083782732486725,2021-05-12 12:55:56
544249939,Raspail - Chomel,10,9,29,48.852233164303094,2.3266580700874333,2021-05-12 12:58:52
1035816937,Poissonniers - Nord,0,0,28,48.892511213520656,2.3522228747606277,2021-05-12 12:50:11
101490103,Saint-Jacques - Tombe Issoire,3,2,19,48.833206330538864,2.3369108140468597,2021-05-12 12:59:47
315525484,Berges de Seine - Musée d'Orsay,0,0,16,48.8627885936562,2.3064593598246574,2021-01-27 07:51:48
66507229,Reims - Porte d'Asnières,3,2,21,48.891834448210986,2.300144659954865,2021-05-12 12:59:10
54000539,Hôtel de Ville - Pont-Marie,13,7,15,48.85389964552738,2.356947250664234,2021-05-12 12:55:45
27415012,Bercy,61,2,2,48.83996691499447,2.378862574696541,2021-05-12 12:59:25
263610599,Centenaire - Sorins,5,2,34,48.85853523359734,2.4273508787155156,2021-05-12 12:59:18
27415215,Romain Rolland,11,3,10,48.820215229662765,2.3234144234418346,2021-05-12 12:59:51
49772483,Damrémont - Caulaincourt,0,1,16,48.88714509078738,2.3325880989432335,2021-05-12 12:57:21
653066427,Franciade - Gabriel Péri,8,5,13,48.93261499331498,2.355954498052597,2021-05-12 12:53:50
129089749,Brochant - Square des Batignolles ,0,0,31,48.88818698581028,2.316861143151153,2021-05-12 12:53:29
100770878,Poissy - Saint-Germain,15,0,10,48.849696494270084,2.352968528866768,2021-05-12 12:59:04
27415297,Square Raymond Souplex,0,0,52,48.89183721478911,2.335426103165901,2021-05-12 12:57:14
54000607,Convention - Saint-Charles,4,2,13,48.84315611111599,2.2831090539693832,2021-05-12 12:52:57
13283986,Keller - La Roquette,3,2,29,48.8555508,2.3752778,2021-05-12 12:58:06
36003,Pont de Lodi - Dauphine ,17,0,6,48.855296898603285,2.339947307565249,2021-05-12 12:58:06
100910836,Parmentier - Fontaine au Roi,2,3,40,48.86787670551736,2.372705978671471,2021-05-12 12:58:53
6515,Rougemont - Poissonnière,15,2,13,48.871611569354755,2.345873080193996,2021-05-12 12:56:36
82587428,Gambetta - Hôpital Tenon,0,1,34,48.867925154026736,2.400976623546542,2021-05-12 12:59:34
41523981,Mairie du 15ème,12,2,16,48.8417762,2.2986539,2021-05-12 12:59:36
1034247348,Place des Larris,1,10,19,48.8568363,2.4780236,2021-05-12 12:58:39
54000558,Chateaubriand - Friedland,6,2,20,48.8740144756374,2.29991625786582,2021-05-12 12:52:48
35089539,Manin - Crimée,0,0,22,48.8831217743719,2.3863670602440834,2021-05-12 12:56:22
27415169,Nationale - Marcel Duchamp,6,0,17,48.82463749337136,2.3678014799952507,2021-05-12 12:59:05
15412563,Square Desnouettes,8,2,12,48.83476837934194,2.284142297394666,2021-05-12 12:57:32
30179848,Saint-Blaise - Mouraud,1,2,24,48.85696177597818,2.40869477391243,2021-05-12 12:57:53
27363029,Charonne - Philippe-Auguste,2,3,27,48.85560316202584,2.390546390619984,2021-05-12 12:59:35
484889494,Hôtel de Ville de Levallois Perret,6,3,17,48.89314451997415,2.2888818383216862,2021-05-12 12:51:48
27363256,Thérèse - Opéra,9,3,12,48.86648351450895,2.334433421223788,2021-05-12 12:57:58
100902274,Roquépine - Malesherbes,24,2,6,48.87345073390807,2.320404499769211,2021-05-12 12:59:41
15414455,Paul Doumer - La Tour,1,4,29,48.860116109626574,2.280840481911055,2021-05-12 12:58:00
27415285,Place de Finlande,20,3,2,48.86240833596654,2.311362437903881,2021-05-12 12:59:26
39536951,Vistule - Choisy,2,1,29,48.82365543660611,2.3615723848342896,2021-05-12 12:56:57
78348185,Mairie de Clichy,14,1,36,48.903653634660834,2.3059353232383732,2021-05-12 12:59:42
249554935,Quai Anatole France - Musée d'Orsay,0,0,12,48.86121174057001,2.3242460936307903,2021-01-22 21:01:53
263732151,Gambetta - Michelet,3,0,30,48.85273792380526,2.429966032505036,2021-05-12 12:55:00
1036199130,Les Juilliottes,6,1,12,48.8043072,2.4437362,2021-05-12 12:50:27
129161858,République - Henri Barbusse,0,0,32,48.90661553626751,2.389432489871979,2021-05-12 12:54:57
653035822,Jeûneurs - Mulhouse,11,8,8,48.868997,2.346925,2021-05-12 12:59:07
27414460,Danielle Casanova - Place Vendôme,23,7,7,48.86826649822326,2.3304839059710503,2021-05-12 12:58:40
653069115,Claude Vellefaux - Sambre et Meuse,0,2,32,48.875022,2.370478,2021-05-12 12:59:22
76488849,Fernand Braudel - Vincent Auriol ,20,2,12,48.83637852318147,2.3723404482007027,2021-05-12 12:59:37
312165511,Faubourg Du Temple - Republique,25,4,9,48.867872484748744,2.3648982158072323,2021-05-12 12:58:39
129050965,Place de la République - Voltaire,5,1,13,48.86683096894219,2.3654810339212418,2021-05-12 12:57:37
66491368,Sorbonne - Ecoles,22,17,10,48.84968656619092,2.3434996604919434,2021-05-12 12:59:43
82419429,Faidherbe - Dahomey,13,1,29,48.851358329771806,2.383823134795429,2021-05-12 12:58:31
349750111,Bleue - Trévise,2,2,23,48.87578906564573,2.347289621829987,2021-05-12 12:59:32
52453,Le Vau - Maurice Bertaux,0,0,24,48.86803439043193,2.411030612453627,2021-05-12 12:59:12
210389577,Daunou - Louis le Grand,10,6,1,48.869113,2.332515,2021-05-12 12:58:28
15401095,Versailles - Claude Terrasse,6,2,37,48.84021933807409,2.263834191152959,2021-05-12 12:59:01
1055553396,Mornay - Sully,4,0,10,48.84970399548416,2.364460788667202,2021-05-12 12:59:39
210394523,Porte Saint-Martin,12,1,21,48.86860172112996,2.35570102930069,2021-05-12 12:57:26
1036226943,Parc de Sceaux - Centre-Ville,0,2,31,48.7769529826096,2.2957214713096623,2021-05-12 12:50:42
1056959071,Place Mireille Havet,6,4,33,48.850533,2.383756,2021-05-12 12:59:16
66491371,Pierre Sarrazin - Saint-Michel,12,9,12,48.85090814639774,2.3421307280659676,2021-05-12 12:58:13
486833337,Bachaumont - Montmartre,4,6,23,48.86617395079137,2.3449775576591496,2021-05-12 12:53:12
1055541632,Place Tony de Graaff,20,3,12,48.8181645,2.2458109,2021-05-12 12:58:55
66505513,François 1er - Lincoln,11,2,16,48.86951797934417,2.302426218841562,2021-05-12 12:59:43
606669250,Square Georges Melies,19,5,12,48.84070239213081,2.409667745232582,2021-05-12 12:59:47
82402482,Gare de l'Est - Chateau Landon,2,1,55,48.879305,2.362424,2021-05-12 12:52:43
75313725,Ferrus - Saint-Jacques,2,0,32,48.8313878,2.3408563,2021-05-12 12:57:07
15383032,Place du Canada,19,16,4,48.865346269362675,2.310193787964762,2021-05-12 12:58:58
60667075,Georges V - François 1er,3,2,15,48.87034,2.30082,2021-05-12 12:58:23
54000561,Lamartine - Faubourg Montmartre,22,6,4,48.87661398289084,2.339765690267086,2021-05-12 12:59:33
54001190,Mairie du 19ème,0,1,23,48.88256264247959,2.3812624812126164,2021-05-12 12:54:49
43219958,Odessa - Départ,3,3,33,48.842885590080826,2.3244281485676765,2021-05-12 12:59:16
82569809,Jardin Marguerite Long,13,0,9,48.8816985773914,2.2836575657129288,2021-05-12 12:56:59
82554786,Place de l'Eglise,4,0,26,48.892809461520265,2.4124351143836975,2021-05-12 12:57:53
266052390,Melun - Jean Jaurès,0,2,26,48.8837796723475,2.376477420330048,2021-05-12 12:59:35
82448637,Suffren - Pérignon,31,3,11,48.84717561492764,2.307052147596786,2021-05-12 12:57:01
37952191,Jean Jaurès - Reine,9,0,21,48.84009622558849,2.239872515201569,2021-05-12 12:55:15
34300292,Argenson - Château,10,8,5,48.888559314669514,2.2642001509666447,2021-05-12 12:58:35
54000567,Montreuil - Voltaire,5,3,25,48.85050701184191,2.393075558274471,2021-05-12 12:55:26
268976295,Butte aux Cailles - Esperance,4,2,30,48.82758774190948,2.3492151126265526,2021-05-12 12:58:31
27415444,Louis Ganne - Davout,1,4,22,48.86338720692607,2.409725748002529,2021-05-12 12:57:35
84983562,Roquette - Folie Regnault,3,1,47,48.859246959155485,2.386553623578705,2021-05-12 12:59:28
129081441,Vignes - Boulainvilliers,0,1,20,48.856399483950504,2.275240458548069,2021-05-12 12:58:42
653073004,Tremblay - Lac des Minimes,29,3,14,48.834131261494356,2.454751655459404,2021-05-12 12:59:23
1056986761,Terroirs de France - Lheureux,43,6,5,48.83212027074841,2.388618104159832,2021-05-12 12:59:37
41610121,Censier - Jardin des Plantes,10,3,15,48.84107178161383,2.355475388467312,2021-05-12 12:59:34
82566934,Brochant - Clichy,3,0,50,48.89032998912038,2.319730559929781,2021-05-12 12:55:30
128936618,Matignon - Faubourg Saint-Honoré,22,10,0,48.87147859116726,2.313977926969528,2021-05-12 12:59:52
262607058,Charles de Gaulle - Plateau de Vanves,1,1,26,48.82233088973263,2.298571803412886,2021-05-12 12:58:16
35106544,René Coty - Parc Montsouris,1,0,55,48.82479134498032,2.336124926805496,2021-05-12 12:50:24
267976590,François Truffaut - Saint Emilion,59,3,3,48.83372354344807,2.386601903271428,2021-05-12 12:59:33
1056965116,Lac Daumesnil - Saint-Maurice,2,3,44,48.82774555743318,2.4183654785156246,2021-05-12 12:58:25
54000630,Madeleine Michelis - Roule,8,4,11,48.88260431301364,2.2773634269833565,2021-05-12 12:59:29
1599921040,Jessaint - Marx Dormoy,0,4,26,48.88484543106364,2.358930408954621,2021-05-12 12:58:34
129096696,Léon - Doudeauville,0,1,12,48.88832421845225,2.353573372638597,2021-05-12 12:53:59
82590367,Place Marcel Sembat,9,2,40,48.83328865030686,2.2441747784614567,2021-05-12 12:59:46
82573931,René Binet - Porte de Montmartre,1,1,33,48.89905109950848,2.3365534096956253,2021-05-12 12:58:09
82436057,Moulin de la Pointe,5,3,13,48.82092946051445,2.3563179373741145,2021-05-12 12:58:22
269953055,Quai Marcel Boyer - Victor Hugo,6,2,20,48.82255636666729,2.392039597034455,2021-05-12 12:59:19
460558111,Square du Bataclan,10,0,10,48.8633762,2.3711327,2021-05-12 12:58:04
271540743,Gare de Clichy-Levallois ,7,3,14,48.89679827481989,2.2984680533409123,2021-05-12 12:57:13
452347778,Daumesnil - Picpus,7,3,11,48.8374688,2.401765,2021-05-12 12:59:00
13372702,Saint-Fargeau - Mortier,1,2,27,48.87266656122256,2.407912909984589,2021-05-12 12:59:36
1599931563,République - Auguste Perret,0,1,29,48.78695280952244,2.3518594354391094,2021-05-12 12:53:14
15411223,Dareau - Broussais,1,2,21,48.8307758,2.3361804,2021-05-12 12:59:28
85152599,Le Corbusier - Jean Jaurès,19,5,21,48.83780830557548,2.2408381104469304,2021-05-12 12:58:54
284711589,Beaumarchais - Pas de la Mule,7,2,9,48.855580507049055,2.368433367343057,2021-05-12 12:59:08
357491025,Place Centrale ,2,13,7,48.78740167690531,2.2278830409049992,2021-05-12 12:54:46
30550,Mairie du 9ème,10,1,11,48.87326713758289,2.340753448052758,2021-05-12 12:59:48
478593396,Jean Moulin - Paul Doumer,0,0,19,48.8622179854695,2.45533436536789,2021-05-12 12:52:39
213675430,Boutroux - Porte de Vitry,38,1,9,48.822632,2.377738,2021-05-12 12:59:10
462875227,Jules Guesde - Alsace,9,3,11,48.89056627550627,2.295077741146088,2021-05-12 12:59:43
213693126,Véron - Lepic,1,1,21,48.88526123395252,2.334559857845307,2021-05-12 12:55:27
363735875,Pont De Charenton,3,3,10,48.8179685,2.4199531,2021-05-12 12:52:23
265266148,Pierre Brossolette - Adolphe Pinard,1,0,23,48.82177227954821,2.313155829906464,2021-05-12 12:59:40
390075668,Stade Georges Carpentier,3,0,37,48.82048243838136,2.366832196712494,2021-05-12 12:56:34
457713145,Gare de Nanterre Ville,18,2,20,48.8950295,2.1957932,2021-05-12 12:59:48
392576677,Senard - Charles Blum,10,2,9,48.857315824799,2.221091687679291,2021-05-12 12:58:00
124390478,Commandant l'Herminier - Gallieni,2,2,13,48.84704055260307,2.416045367717743,2021-05-12 12:58:27
338853596,Charles de Gaulle - Orléans ,6,7,10,48.88092225101522,2.271581590175629,2021-05-12 12:54:22
1056995858,Gergovie - Vercingétorix,0,0,29,48.83453413883994,2.313154547426182,2021-05-12 12:51:09
452341449,Choisy - Tolbiac,1,2,23,48.82591155587023,2.3602393269538884,2021-05-12 12:58:22
100905057,Londres - Amsterdam,3,0,18,48.878034461503965,2.326483540969424,2021-05-12 12:59:33
66491406,Cours de Vincennes - Davout,15,2,30,48.847238029965595,2.4107042336224986,2021-05-12 12:59:30
1056972307,Pyramide - Parc Floral,5,4,40,48.837442,2.440452,2021-05-12 12:52:37
653217067,Jules Guesde - Laennec,1,4,14,48.87628983900398,2.5006942078471184,2021-05-12 12:59:30
1109534105,Demi-Lune - Aristide Briand,0,0,20,48.87626381919953,2.4562818557024,2021-05-12 12:51:29
54000550,Rapp - Place du Général Gouraud,25,3,1,48.85810288510693,2.300407290458679,2021-05-12 12:58:42
653076373,Bois de Vincennes - Porte Jaune,8,3,22,48.838751246689455,2.4605489149689674,2021-05-12 12:53:43
365181481,Guy Môquet - Saint-Ouen,1,2,49,48.892777719023975,2.3270335793495183,2021-05-12 12:59:44
52456,Pré Saint-Gervais - Lilas,0,1,27,48.87787062698808,2.39590734243393,2021-05-12 12:58:08
15310509,Choron - Martyrs,7,0,10,48.877851443502536,2.3396701365709305,2021-05-12 12:52:59
27414924,Sambre et Meuse - Villette,0,2,22,48.87440566621717,2.373807237995119,2021-05-12 12:57:49
275968458,Place du Président Salvador Allende,13,1,43,48.897307310356055,2.40079153681279,2021-05-12 12:59:21
213995665,Square Edmond Pépin,4,5,21,48.88365620689917,2.4033531546592717,2021-05-12 12:59:04
272638713,Charles de Gaulle - Louis-Philippe,16,0,10,48.88162131114395,2.2712830090406526,2021-05-12 12:59:49
128928526,Clapeyron - Moscou,0,2,13,48.88078819514121,2.324815057218075,2021-05-12 12:59:50
27415123,Boussingault - Tolbiac,6,0,20,48.82603516605852,2.342176808004326,2021-05-12 12:59:44
287096529,Paul Klee - Place Augusta Holmes,19,13,9,48.838946417408025,2.3704235663952966,2021-05-12 12:58:02
97705710,Jacquard - Ternaux ,6,2,31,48.8646605,2.373162,2021-05-12 12:58:48
13242682,Alexander Fleming - Belvédère,4,1,26,48.88179064200294,2.4030599377642674,2021-05-12 12:50:48
278576043,Honoré d'Estienne d'Ovres - Grilles,1,0,16,48.89056394743836,2.4064831843792427,2021-05-12 12:57:22
213695073,Hôpital Robert Debré,0,2,30,48.88005222200894,2.4008650346327003,2021-05-12 12:59:05
284708999,Santé - Arago,4,7,27,48.83507657562064,2.3415737262044938,2021-05-12 12:57:48
653079520,Averroès - Aimé Césaire,5,10,6,48.91405323432864,2.412636950612068,2021-05-12 12:58:46
653076393,Place du Front Populaire - George Sand,9,1,25,48.90680713698062,2.364541214992642,2021-05-12 12:55:52
7261,Athènes - Clichy,2,0,18,48.878113787876,2.32956021945824,2021-05-12 12:58:18
129069108,Paul Barruel - Vaugirard,6,1,31,48.84014918546239,2.3044332861900334,2021-05-12 12:59:35
291354793,Gare de Lyon - Van Gogh,35,16,0,48.8438397856433,2.370445024035681,2021-05-12 12:56:29
30641281,Place de la Montagne du Goulet,21,0,0,48.8443415,2.2773844,2021-05-12 12:58:43
54000593,Longchamp - Place d'Iéna,5,4,31,48.86491723343388,2.2926748171448708,2021-05-12 12:58:26
27362949,Louis Blanc - Jemmapes,3,0,28,48.879330755297346,2.368448562920093,2021-05-12 12:54:40
1057003116,Charles Lecocq - Lecourbe,6,2,20,48.84044,2.294867,2021-05-12 12:59:42
285726279,Quai de Valmy,1,2,22,48.88126951579429,2.368186041712761,2021-05-12 12:57:56
284787594,Place d'Italie - Vincent Auriol,1,2,36,48.83148187446674,2.356755029231863,2021-05-12 12:55:51
285454061,Square de la rue Pixérécourt,1,1,13,48.8736824,2.3960278,2021-05-12 12:50:30
41587607,Georges Bernanos - Port Royal,1,2,25,48.84014521347377,2.3373574018478394,2021-05-12 12:59:36
1056979685,Bastille - Quai de la Rapée,22,3,1,48.84682410855044,2.366936467587948,2021-05-12 12:54:39
213685863,Parc Suzanne Lenglen,27,7,15,48.833250690537874,2.2765403240919113,2021-05-12 12:59:08
653062048,Gare du Nord - Place de Valenciennes,0,0,25,48.879089,2.354235,2021-05-12 12:57:19
213686471,Eylau - Trocadéro,4,4,16,48.863354122370744,2.2864209115505223,2021-05-12 12:57:33
1062812659,Auguste Blanqui - Glacière,22,0,38,48.831151602964354,2.3438221961259837,2021-05-12 12:59:41
653079135,Mazagran - Pierre de Coubertin,2,1,12,48.816218640260445,2.344226874411106,2021-05-12 12:59:47
27363558,Wurtz - Tolbiac,12,1,14,48.82631195621006,2.344585955142975,2021-05-12 12:57:36
38319086,Pierre Demours - Laugier,7,2,28,48.8813072,2.294846,2021-05-12 12:57:37
409364001,Ivry - Simone Weil,3,0,16,48.823283932030755,2.3659095168113713,2021-05-12 12:58:17
653129435,Neuilly - Petit,2,2,12,48.898965361341254,2.29627937078476,2021-05-12 12:53:37
221032834,Metz - Faubourg Saint-Denis,32,5,10,48.870893,2.353521,2021-05-12 12:59:45
292871105,Botzaris - Crimée,1,1,19,48.87959698690176,2.3887913337477067,2021-05-12 12:55:07
124622630,Pelée - Alphonse Baudin,7,2,28,48.8600265,2.3710541,2021-05-12 12:59:13
210584503,Gare de l'Est - Fidélité,5,3,5,48.874575,2.356796,2021-05-12 12:54:56
95073815,Saint-Lazare - Place d'Estienne d'Orves,9,2,28,48.8768345,2.3329067,2021-05-12 12:52:29
362178041,Place Jules Ferry,3,3,22,48.812107928414775,2.325837314128876,2021-05-12 12:58:10
100783424,Censier - Santeuil,56,7,6,48.840658921385234,2.3537524044513702,2021-05-12 12:57:59
1057081237,Cimetière Communal,1,1,22,48.81769977392539,2.260931208729744,2021-05-12 12:59:11
422639331,Mairie de Neuilly sur Seine,7,8,15,48.88494728765838,2.2677031159400944,2021-05-12 12:58:53
42541542,Gare Montparnasse - Edgar Quinet,2,3,28,48.841487851078895,2.3233232282800524,2021-05-12 12:59:41
1057061349,Chancé Milly - Cimetière Communal Sud,9,0,23,48.89687189382465,2.303922325372696,2021-05-12 12:56:42
96512532,Joseph Sansboeuf - Saint Lazare,10,1,6,48.87531563065266,2.3229019716382027,2021-05-12 12:55:08
38280,Saint-Didier - Raymond Poincaré,0,1,16,48.86642312020962,2.285863497192411,2021-05-12 12:55:31
653125838,Cours de l'Ile Seguin - Parc Billancourt,9,6,14,48.82714055843935,2.234234511852265,2021-05-12 12:58:21
594942659,Gare du Nord - Denain,1,0,19,48.879595787608096,2.3544725775718693,2021-05-12 12:57:24
404947652,Place Fernand Forest,26,3,4,48.849269143835926,2.2818631678819656,2021-05-12 12:57:55
129142199,Marcel Yol - Jullien,0,2,27,48.82537611802588,2.287235018058929,2021-05-12 12:52:06
476053320,Ecole Militaire - Place Joffre,19,2,5,48.852060203582795,2.301799356937409,2021-05-12 12:57:20
129121741,Belleville - Couronnes,1,1,46,48.86883108287741,2.380986213684082,2021-05-12 12:56:54
27415524,Saint-Germain-des-Prés,12,11,3,48.85418510815204,2.330305874347687,2021-05-12 12:57:52
214109662,Hôtel de ville de Fontenay-sous-Bois,0,2,18,48.84949749106274,2.4750164151191716,2021-05-12 12:54:35
653122771,Marc Sangnier - Division Leclerc,12,4,8,48.78599652305309,2.329955510795116,2021-05-12 12:59:14
303563942,Hôtel de Ville - Pont d'Arcole,0,0,20,48.85587645183987,2.350892163813114,2021-01-22 23:26:39
35147530,Pierre Levée - Fontaine Timbaud,0,2,20,48.86632723374305,2.3711163550615306,2021-05-12 12:58:00
101756482,Convention - Vaugirard,5,2,41,48.83767682233156,2.295586926020252,2021-05-12 12:59:30
1057179405,Résistance - Hoche,0,1,28,48.864273423741956,2.435784414410591,2021-05-12 12:59:18
653135400,Paul Vaillant-Couturier - Gare RER,8,7,11,48.80108159069614,2.402097210288048,2021-05-12 12:51:11
213689228,Raffet - Montmorency,7,1,34,48.85258670812,2.2629252456151954,2021-05-12 12:54:38
129079313,Commerce - Letellier,19,2,21,48.84797660373612,2.2966245196598805,2021-05-12 12:59:40
129135654,Victor Cresson - Telles de la Poterie,23,0,7,48.82269884297945,2.2686498274963633,2021-05-12 12:56:36
1057039016,Fessart - Château,7,0,12,48.84245,2.23989,2021-05-12 12:53:25
653080383,Bruneseau - Quai d'Ivry,16,1,30,48.82494563758295,2.388566136360169,2021-05-12 12:59:48
54000614,Porte de Pantin - Petits Ponts,0,0,48,48.89041086237,2.3981939256191254,2019-06-06 09:56:04
37921892,Vinaigriers - Magenta,12,1,11,48.8731167,2.3593052,2021-05-12 12:59:45
1190800638,Ranelagh - Maison de la Radio,9,6,7,48.85293603169479,2.280449643731117,2021-05-12 12:58:30
36473,Cadet - La Fayette,7,2,0,48.87560163267239,2.343570403754711,2021-05-12 12:56:01
303102719,Brancion - Lefebvre,2,0,9,48.82900222785569,2.301431038163409,2021-05-12 12:50:28
27363277,Place Saint-Ferdinand,4,2,30,48.87815529789739,2.288518047864942,2021-05-12 12:59:45
6295,Pontoise - La Tournelle,6,3,13,48.85045800918843,2.352454275492188,2021-05-12 12:59:40
303452950,Hôtel de Ville de Fontenay-aux-Roses,2,1,27,48.790844603480856,2.2871455930319455,2021-05-12 12:51:13
54000617,Docteurs Déjérine - Pte de Montreuil,0,1,18,48.85398448133697,2.41208288897222,2021-05-12 12:50:12
1057045129,Cimetière communal,6,1,32,48.830764,2.252024,2021-05-12 12:54:08
653131074,Vanne - Général de Gaulle,4,6,13,48.815007,2.328318,2021-05-12 12:55:09
308082350,Malakoff - Place de la Porte Maillot,9,1,20,48.876733496637506,2.2834577411413193,2021-05-12 12:59:45
302725495,Gare SNCF Vanves-Malakoff,2,0,49,48.819002163836444,2.292150005103606,2021-05-12 12:57:50
653126035,Vanne - Saussaies,5,6,7,48.786404,2.338848,2021-05-12 12:59:07
210745258,Jean-Pierre Timbaud - Vaucouleurs,3,5,39,48.867937,2.377885,2021-05-12 12:56:01
457834134,André Maurois - Joseph et Marie Hackin,1,1,27,48.8778983,2.2789591,2021-05-12 12:54:23
653123610,Pierre Lefaucheux - Traversière,19,2,12,48.82435208303827,2.2417913004755974,2021-05-12 12:59:50
213691137,Carnot - Général Lanrezac,0,0,33,48.8754438707356,2.2938242935035684,2021-05-12 12:53:48
35101194,Place de l'Insurrection d'Août 1944 ,2,0,26,48.81477852751594,2.398074567317963,2021-05-12 12:55:30
54000615,Buzenval - Avron,1,4,45,48.851617204998654,2.401513597307666,2021-05-12 12:59:24
135806005,Mairie de Romainville,0,2,14,48.885109,2.435679,2021-05-12 12:59:34
54000562,Square Alban Satragne,3,1,25,48.87534054839558,2.35588476061821,2021-05-12 12:58:31
653135378,Amaury Duval - Gabriel Péri,3,0,30,48.81718759671675,2.323841750621796,2021-05-12 12:52:14
82550543,Place de Barcelone - Mirabeau,14,0,41,48.84762302736417,2.2735664248466496,2021-05-12 12:59:26
402212574,Charles de Gaulle - Graviers,1,3,23,48.88315175918637,2.2648814320564274,2021-05-12 12:58:17
1057184567,Paul Signac - Aristide Briand,1,0,34,48.86950262156371,2.4502260982990265,2021-05-12 12:54:37
210751059,Hôpital - Campo-Formio,0,2,14,48.835405,2.358218,2021-05-12 12:54:00
34235349,Jean Calvin - Tournefort,6,7,14,48.84158856925782,2.348489575088024,2021-05-12 12:58:27
559980654,George V - Christophe Colomb,8,14,1,48.87046,2.30104,2021-05-12 12:58:56
1057203651,Stade de France,3,14,26,48.919141953558054,2.362065576016903,2021-05-12 12:56:07
453172172,Porte d'Italie,0,1,12,48.817161987718954,2.360236309468746,2021-05-12 12:58:18
478385490,Charles Gide - Fort de Bicêtre ,0,2,28,48.8071937956922,2.353984415531159,2021-05-12 12:52:17
102326776,Jardin de l'Hospice Debrousse,0,2,21,48.861451061938,2.405686005949974,2021-05-12 12:53:12
213706622,Vitruve - Davout,4,2,16,48.86053161154489,2.4091592812626543,2021-05-12 12:56:17
213686749,Place de la Porte de Passy,1,4,31,48.857341095470794,2.2644165538827115,2021-05-12 12:58:46
1057302263,Place Nationale - Château-des-Rentiers,4,0,14,48.829566,2.365053,2021-05-12 12:59:52
311552027,Temple - Charlot,8,0,35,48.86570934379584,2.365273725072355,2021-05-12 12:58:59
82375611,Batignolles - Beudant,3,1,38,48.88216401466375,2.319852970540523,2021-05-12 12:59:45
27269170,Quai aux Fleurs - Pont Saint-Louis,0,4,17,48.85291595620935,2.352195717394352,2021-05-12 12:53:34
66491395,Daumesnil - Hébrard,25,0,15,48.8429,2.38474,2021-05-12 12:58:26
38192,La Motte-Picquet - Grenelle,9,0,25,48.84858321339195,2.299347817897797,2021-05-12 12:57:43
443402852,Place de Lévis,1,0,47,48.883546851533254,2.3131933808326726,2021-05-12 12:58:39
82572699,Damrémont - Ordener,1,0,29,48.893400392981874,2.336266523912805,2021-05-12 12:57:43
84958519,Arcole - Notre-Dame,16,3,10,48.85388354132773,2.3493797332048416,2021-05-12 12:58:04
1057319366,Quai de la Gare - Pont de Bercy,8,5,17,48.837307879720484,2.3740861260598494,2021-05-12 12:59:31
1062162270,Théâtre,3,1,15,48.905768309295276,2.2353921022349748,2021-05-12 12:56:38
458086607,Président Wilson - Baudin,9,4,7,48.89826887103676,2.2849336266517644,2021-05-12 12:57:07
98187918,Lobau - Hôtel de Ville,17,3,39,48.8562118,2.3532536,2021-05-12 12:59:43
7247,Charonne - Pierre Bayle,1,0,22,48.858445054261914,2.39039812238911,2021-05-12 12:55:56
653081846,Jourdan - Monticelli,0,0,30,48.822032,2.329095,2021-05-12 12:59:37
213689815,Porte d'Asnières,1,2,33,48.89035817610495,2.3036286234855656,2021-05-12 12:59:49
443198808,Gaston Tessier - Rosa Parks RER,21,0,16,48.8963765,2.3743692,2021-05-12 12:59:39
620676855,Camille Groult - Guy Môquet,7,11,4,48.787482746521306,2.3976725712418556,2021-05-12 12:58:01
1062238429,Place de l'Europe,10,2,5,48.82529858840266,2.3945679143071175,2021-05-12 12:59:38
13191324,Assas - Luxembourg,10,5,18,48.84373446877937,2.333428381875887,2021-05-12 12:56:58
101491821,Jean Moulin - Place Victor et Hélène Basch,1,2,38,48.82764910240992,2.326196730136872,2021-05-12 12:59:35
102745622,Raspail - Albert Schweitzer,7,2,19,48.81031545,2.34395871,2021-05-12 12:58:59
213999554,Jean Jaurès - Ouvrières Pivéreuses,4,2,13,48.91042343752563,2.399576604366303,2021-05-12 12:51:23
213677219,Brillat-Savarin - Küss,7,1,12,48.822203,2.350422,2021-05-12 12:58:46
6294,Marché aux fleurs,10,3,8,48.85525811539143,2.3473754525184636,2021-05-12 12:57:55
85155919,Estienne d'Orves - Henri Ginoux,0,1,29,48.815388220397274,2.320886790760933,2021-05-12 12:51:48
82562496,Benjamin Delessert - Jean Lolive,0,2,15,48.89392043619345,2.417981922626496,2021-05-12 12:59:45
369011098,Paris - Laitières,8,4,8,48.84630274151258,2.4207553267478947,2021-05-12 12:59:50
102343591,Louis Pasteur - Albert Petit,2,0,26,48.796261,2.317289,2021-05-12 12:57:28
27415150,Bobillot - Paulin Mery,1,0,21,48.829899841747384,2.3543356766748507,2021-05-12 12:59:27
82565383,Jacques Kellner - Saint-Ouen,1,1,43,48.895809485802886,2.327897409164145,2021-05-12 12:55:18
653134004,Louis Rolland - République,1,7,17,48.81710889740748,2.3193106434955717,2021-05-12 12:58:00
27415246,Javel - André Citroën,40,1,3,48.846276485475,2.2786368057131767,2021-05-12 12:59:00
389788858,Emeriau - Beaugrenelle,58,3,13,48.84791249714942,2.2843059897422795,2021-05-12 12:57:55
1056947780,Faubourg Poissonnière - Dunkerque,0,3,23,48.880883445404436,2.349934279918671,2021-05-12 12:57:41
38327,Victor Hugo - La Pompe,1,3,36,48.86795222470859,2.28146318346262,2021-05-12 12:58:12
82499609,Convention - Lourmel,9,2,25,48.84205504165568,2.2859910875558853,2021-05-12 12:58:09
100925033,Gare de Lyon - Chalon,36,3,3,48.84566619420225,2.3741452395915985,2021-05-12 12:59:05
109609241,Colmar - Victor Hugo,20,3,9,48.88652251096166,2.173960916697979,2021-05-12 12:59:00
210738704,Mazagran - Bonne Nouvelle,10,0,16,48.870047123655254,2.351124845445156,2021-05-12 12:59:52
235197110,Place de la Gare,27,1,14,48.80253358011283,2.4275037646293645,2021-05-12 12:56:52
417088374,Place Mongolfier,28,7,4,48.815160030060376,2.4592879414558415,2021-05-12 12:59:44
129145892,Paris - Désiré Préaux,4,2,40,48.85742876694898,2.4323049187660217,2021-05-12 12:56:34
439750210,Italie - Jardin Joan Miro,1,1,22,48.81990914045756,2.3592948541045193,2021-05-12 12:59:41
214097180,Paul Doumer - Stalingrad,15,2,5,48.806518992198676,2.3368880152702336,2021-05-12 12:58:48
42720305,Monceau - Malesherbes ,3,6,26,48.8795079,2.3145456,2021-05-12 12:58:57
653205656,Gare de la Garenne-Colombes,2,1,25,48.909752,2.239145,2021-05-12 12:58:16
653147618,Lucien Lanternier - Le Luth,1,2,23,48.93159430558871,2.2889783978462224,2021-05-12 12:50:23
455294759,Place Charles de Gaulle,9,3,15,48.89664310147264,2.2525700926780705,2021-05-12 12:57:41
417623119,Mairie de quartier du Plateau - Mont-Valérien,0,1,16,48.8799933,2.2072437,2021-05-12 12:55:18
54000632,Paul Vaillant-Couturier - Victor Hugo,7,2,25,48.89819702263572,2.293848017974069,2021-05-12 12:54:42
428088564,La Jarry - Place Diderot,1,2,21,48.849726940367326,2.452013790607453,2021-05-12 12:56:56
27064639,Vaugirard - Pasteur,1,0,18,48.84040868803496,2.3154367133975033,2021-05-12 12:58:18
85015750,Pergolèse - Malakoff,2,1,6,48.87521088779225,2.2842781618237495,2021-05-12 12:55:50
102722579,Voltaire - Anatole France,9,1,17,48.891999360256904,2.284262739121914,2021-05-12 12:49:50
365886904,Berthier - Place Stuart Merril,5,0,31,48.885927922355044,2.2933450341224675,2021-05-12 12:59:38
653083263,Lucien Bossoutrot - Général Martial Vallin,20,16,3,48.83695604631085,2.274107225239277,2021-05-12 12:59:46
39151458,Goutte d'or - Barbès,1,0,19,48.88512432362698,2.349696233868599,2021-05-12 12:59:40
468354634,Quai de l'Oise - Aisne,6,3,18,48.8906231,2.3833701,2021-05-12 12:59:07
379063990,Place du 14 Juillet,2,0,20,48.8192669595252,2.30119988322258,2021-05-12 12:56:39
221036108,Charonne - Bureau,1,2,44,48.854176,2.396093,2021-05-12 12:59:46
213692227,Square Louise Michel,0,2,33,48.88468735450907,2.3441386967897415,2021-05-12 12:57:44
75641607,Blaise-Desgoffe - Vaugirard,6,2,23,48.84612887774711,2.324267216026783,2021-05-12 12:59:41
653137566,Mairie de Clamart,2,1,27,48.800612,2.262151,2021-05-12 12:57:51
335989765,Rond-Point de la Chapelle,7,1,41,48.895126609314104,2.359971106052399,2021-05-12 12:59:08
213682190,Place Jacques et Thérèse Tréfouël,0,0,43,48.842726498316644,2.3125657439231877,2021-02-09 18:39:08
213674686,Place Jeanne d'Arc,5,7,24,48.829575,2.369126,2021-05-12 12:58:41
15212034,Gérando - Rochechouart,1,2,18,48.88294340844958,2.346484623849392,2021-05-12 12:56:30
38522,Douai - Pierre Fontaine,3,2,20,48.88229101148092,2.33324121683836,2021-05-12 12:59:41
488889101,Bessières - Porte de Clichy,7,1,25,48.89611762451474,2.31790903955698,2021-05-12 12:58:55
653083675,Maréchal Joffre - Verdun,0,2,17,48.85385,2.470307,2021-05-12 12:56:22
266422568,Place Edmond Michelet,14,4,3,48.860134890541865,2.350063696503639,2021-05-12 12:58:34
488872892,Emile Zola - Fondary,30,2,10,48.847051143113745,2.2953405976295476,2021-05-12 12:58:28
129016495,Taitbout - La Fayette,15,12,24,48.87332988919973,2.3352625966072087,2021-05-12 12:58:17
488800137,Portugais - Kléber,5,3,18,48.8712148,2.2937349,2021-05-12 12:59:38
131094294,Charles Tillon - Cimetière Communal,1,3,25,48.91844023641836,2.3935630917549138,2021-05-12 12:58:46
1057335613,Quai du Président Roosevelt - Pont Aval,20,2,6,48.8343883676388,2.2656820714473724,2021-05-12 12:58:20
491687415,Delizy - Louis Nadot,11,0,9,48.896212845581346,2.4094578623771667,2021-05-12 12:58:28
82455731,Cambronne - Villa Croix Nivert,20,1,41,48.84584756136587,2.3017574474215508,2021-05-12 12:56:45
1057730786,Halles - Bourdonnais,1,1,18,48.86044899257468,2.3460162431001663,2021-05-12 12:57:53
653141822,Île de la Jatte,8,4,10,48.894036161302104,2.2666339203715324,2021-05-12 12:53:59
488980540,Saint-Mandé - Fabre d'Eglantine,7,1,25,48.8453579,2.3965022,2021-05-12 12:59:17
54000599,Lemercier - Cardinet,2,1,20,48.890097168851746,2.317377626895905,2021-05-12 12:50:42
1057221951,Balzac - Olympes de Gouges,12,4,12,48.77850332486751,2.4006786569952965,2021-05-12 12:59:35
653137567,Place Saint-Just,6,8,7,48.790379518724265,2.3895226791501045,2021-05-12 12:59:36
54000600,Toqueville - Cardinet,1,3,27,48.88490187110713,2.3109393194317818,2021-05-12 12:54:10
39202840,Rochechouart - Martyrs,1,0,19,48.88219377957169,2.3405495658516884,2021-05-12 12:58:13
494183852,La Motte-Picquet - La Tour Maubourg,32,8,0,48.8572316,2.3094136,2021-05-12 12:56:41
1057399900,Placette Grégoire Collas,6,2,12,48.94342014002797,2.2487476095557213,2021-05-12 12:55:09
210395439,Centre Georges Pompidou,10,4,10,48.861419,2.352581,2021-05-12 12:57:43
559595472,Suffren - Champ de Mars,14,3,6,48.8547194,2.2952168,2021-05-12 12:58:35
491932748,Porte des Lilas - Faidherbe,0,1,38,48.87861855668978,2.4120327830314636,2021-05-12 12:54:39
1057329581,Square Bela Bartok,13,0,10,48.85120156830401,2.2846536710858345,2021-05-12 12:57:33
1057378487,Fort d'Aubervilliers,1,3,18,48.91502382370325,2.4035281687974925,2021-05-12 12:53:11
54000556,Gare du Nord - Faubourg Saint-Denis,0,2,27,48.879612765503616,2.3568402975797653,2021-05-12 12:59:50
82336035,Saint-Germain - Ciseaux,15,3,0,48.85330527759475,2.334465461882703,2021-05-12 12:58:13
100923502,Crozatier - Faubourg Saint-Antoine,5,4,20,48.8504400134045,2.37890136621104,2021-05-12 12:59:10
1314450240,Gare du Stade,4,1,14,48.9312676,2.2603778,2021-05-12 12:58:57
2515636592,Mstislav Rostropovitch - Berthier,2,5,11,48.892120821173975,2.309234105050564,2021-05-12 12:59:24
210582231,Londres - Place d'Estienne d'Orves,6,1,18,48.876693805756986,2.3305362090468407,2021-05-12 12:58:17
1057737444,Place Ginette Hamelin,35,4,12,48.837853,2.382064,2021-05-12 12:58:06
653139063,Pont de Suresnes,10,12,28,48.8674150923217,2.225894667961703,2021-05-12 12:58:18
1057091571,Esplanade du Foncet - Camille Desmoulins,21,2,2,48.827090233494964,2.2606857866048813,2021-05-12 12:59:18
255322397,Auguste Blanqui - Corvisart,0,4,22,48.8300989,2.3502726,2021-05-12 12:59:44
653087180,Clichy - Douai,1,2,28,48.88411831886975,2.3287287354469304,2021-05-12 12:58:32
312870435,Dunkerque - Trudaine,0,0,16,48.88215166773376,2.3463253676891327,2021-05-12 12:54:21
129059516,Picpus - Louis Braille,3,2,36,48.839988788911874,2.400525668552064,2021-05-12 12:54:12
1057354004,Chemin de Bretagne,18,1,9,48.825147,2.25936,2021-05-12 12:58:47
129106450,Joseph Dijon - Ornano,2,2,32,48.89374453351521,2.3476678133010864,2021-05-12 12:56:51
1057405802,Place Nelson Mandela,0,0,30,48.897874318180556,2.2182820737361912,2021-05-12 12:53:41
653085678,Berthier - Porte de Clichy,0,0,0,48.89430232362258,2.3125627956296584,2019-02-14 10:23:11
213894629,Square Denise Buisson,1,1,43,48.8562322730982,2.426436245441437,2021-05-12 12:56:15
1227051850,Glacière - Soeur Catherine Marie,15,1,23,48.829522989420596,2.343570403754711,2021-05-12 12:58:21
27414544,Place Monge,0,1,20,48.842761803051346,2.3524079471826553,2021-05-12 12:58:34
1237624420,Maurice d'Ocagne - General Maudhuy,1,0,29,48.82414282524159,2.3158789426088333,2021-05-12 12:59:01
1057748427,Rottembourg - Général Michel Bizot,7,3,33,48.83787825992554,2.4044052511453633,2021-05-12 12:58:11
285001735,Vivienne - Montmartre,10,12,17,48.8713475973833,2.341458834707737,2021-05-12 12:59:31
54000560,Geoffroy - Marie,1,2,17,48.873781940593325,2.344513876337893,2021-05-12 12:57:50
15309045,Marché Saint-Quentin,0,1,13,48.877356057652264,2.354511445637388,2021-05-12 12:50:25
101017160,Place de Rungis,4,1,27,48.82245594764965,2.347382729482953,2021-05-12 12:56:27
100933541,Vivaldi - Antoine-Julien Hénard,3,1,23,48.841923663276546,2.389728979467376,2021-05-12 12:59:20
36391,Godot de Mauroy - Madeleine,12,7,3,48.869789,2.326347,2021-05-12 12:57:14
100934967,Madagascar - Meuniers,6,1,26,48.83460464474706,2.3970650508999825,2021-05-12 12:58:10
76121343,Abbé Groult - Convention,0,1,11,48.83596927866069,2.302064039509349,2021-05-12 12:58:56
437741660,Saint-Denis - Rivoli,6,2,34,48.85905934084166,2.3476943001151085,2021-05-12 12:58:09
1062783107,Buffon - Jardin des Plantes,12,3,14,48.842668466104875,2.3618587106466293,2021-05-12 12:58:46
653086121,Louis Xavier de Ricard - Ancienne Mairie,0,0,32,48.84629899065091,2.472420372068882,2021-05-12 12:53:26
653139897,Lebrun - Colonel Fabien ,7,1,20,48.78266870733145,2.381317801773548,2021-05-12 12:59:39
476155906,Saint-Antoine Sévigné,13,6,4,48.8550222,2.3612322,2021-05-12 12:59:11
1062742831,Place Joffre - Frédéric le Play,19,4,15,48.85375448693786,2.3044242337346077,2021-05-12 12:55:57
27415547,Square Etienne Jarousse,2,0,22,48.82485182597129,2.2925933450460434,2021-05-12 12:53:59
54000543,Cloître Saint-Merri - Renard,9,4,18,48.85883544889818,2.351827919483185,2021-05-12 12:59:28
1015246367,Champs-Elysees - Bassano,0,0,25,48.87181180781605,2.3002389818429947,2021-02-21 20:09:18
1057765913,Hôpital Necker,15,1,18,48.846043490118454,2.313245013356209,2021-05-12 12:59:21
1062704564,Bourg l'Abbé - Saint-Martin,12,3,27,48.86393331949257,2.352406270802021,2021-05-12 12:57:00
221043930,Bagnolet - Orteaux,0,0,36,48.85708641027236,2.3984125256538396,2021-05-12 12:58:44
1057234527,Gare d'Argenteuil,5,0,34,48.947022436806705,2.256898172199726,2021-05-12 12:56:35
49498164,Mairie du 8ème ,0,0,13,48.877932,2.318264,2021-05-12 12:57:27
1057072168,Jules Guesdes - Général de Gaulle,5,2,17,48.81930581291959,2.278934195637703,2021-05-12 12:51:53
1062685145,Bibliothèque Nationale,7,4,6,48.868288993514916,2.338089309632778,2021-05-12 12:55:25
1056715831,Marché Saint-Germain,12,6,3,48.85165625855281,2.335500307381153,2021-05-12 12:59:06
101742129,Cherche-Midi - Hôpital Necker,7,0,30,48.84461063309956,2.317914068698883,2021-05-12 12:59:40
101011685,Charenton - Prague,17,2,5,48.848175129981016,2.376358449431232,2021-05-12 12:58:19
1057360420,Place Aimé Césaire,0,3,21,48.783194713067815,2.2429127991199493,2021-05-12 12:54:26
49117995,Condorcet - Turgot,0,1,18,48.87985155789093,2.345232367515564,2021-05-12 12:59:37
214119792,Gare RER - Malleret-Joinville,10,2,7,48.802936,2.42531,2021-05-12 12:51:28
37504995,Jean Monnet - Iles,6,0,24,48.823393984057304,2.2497073194874866,2021-05-12 12:51:56
131908132,Parc Eli Lotar,3,2,17,48.91844993053703,2.3727085813879967,2021-05-12 12:58:12
102307005,Villiers - Batignolles,2,2,17,48.88125253846116,2.31653843075037,2021-05-12 12:59:48
125811629,Leredde - Tolbiac,16,9,18,48.828876296639876,2.374438270926476,2021-05-12 12:59:51
39149651,Richard Lenoir - Place de la Bastille,17,7,29,48.8538327,2.3697222,2021-05-12 12:59:32
1057753858,Place Charles Michels,21,3,13,48.846401,2.28502,2021-05-12 12:57:20
42907187,Richard Lenoir - Voltaire,8,1,14,48.86164273877979,2.3727491497993474,2021-05-12 12:59:50
54000590,Croix Nivert - Square Saint-Lambert,7,0,39,48.8430515215905,2.295200452208519,2021-05-12 12:59:17
54000587,Mairie du 14ème,2,2,28,48.83254578122993,2.325492314994335,2021-05-12 12:58:33
27359295,Benoît Frachon - République,14,3,10,48.85230729014318,2.415605485439301,2021-05-12 12:59:15
82468690,Dutot - Place Alleray,0,0,54,48.83682609176588,2.307170109557766,2021-05-12 12:59:03
81212212,Jean Jaurès - Jules Jacquemin,3,2,19,48.88433053604843,2.4082902455152104,2021-05-12 12:58:10
653087914,Marne - Charles de Gaulle,9,2,14,48.815071719544434,2.4121668934822087,2021-05-12 12:57:49
41219552,Saint-Benoît - Jacob,15,2,6,48.85545136013941,2.3334722220897675,2021-05-12 12:59:48
43247025,Jardins d'Eole,3,1,14,48.8869703,2.3668488,2021-05-12 12:55:18
101738550,Didot - Place de Moro-Giafferi,0,1,21,48.8337,2.3215,2021-05-12 12:58:31
54000622,Davout - Volga,1,1,26,48.852919679957296,2.410522909779111,2021-05-12 12:59:44
82339935,Porte de la Muette,6,3,27,48.86302317841182,2.2687188170157406,2021-05-12 12:52:00
27414713,Landy - Heurtault,7,1,23,48.915096534520316,2.375951372087002,2021-05-12 12:53:49
54000564,Paradis - Hauteville,11,1,19,48.874999954666755,2.3522757401923404,2021-05-12 12:58:40
13912564,Bruant - Vincent Auriol,14,5,6,48.83484845292942,2.366826499627087,2021-05-12 12:59:41
1057366813,Hôtel de Ville,1,4,25,48.824363561288756,2.2131047397851944,2021-05-12 12:52:46
58311330,Place des Droits de l'Enfant,0,0,24,48.8274804,2.3319217,2021-05-12 12:58:25
100967498,Stalingrad - Rigollots,0,2,16,48.84997403844251,2.45557576417923,2021-05-12 12:51:59
27363337,Bréguet - Sabin,12,2,19,48.856931678257446,2.3706749462105408,2021-05-12 12:57:05
37879071,Paul Bodin - Clichy,3,0,30,48.89239614618928,2.317142598330975,2021-05-12 12:55:32
70903158,Raymond Poincaré - Place Victor Hugo,1,4,19,48.870306124369975,2.285074541420228,2021-05-12 12:59:02
41464928,Sèvres - Lecourbe,17,3,41,48.8447677,2.3110086,2021-05-12 12:59:37
54000619,Porte de Bagnolet,8,2,23,48.864707139122984,2.408344637349607,2021-05-12 12:57:08
43247738,Ruisseau - Ordener,0,0,32,48.89299462568024,2.340144887566567,2021-05-12 12:55:02
82332239,Ecoles - Carmes,11,5,19,48.848904447989405,2.3473486304283147,2021-05-12 12:58:39
75525462,Plantes - Moulin Vert,2,1,42,48.83005755305626,2.3232302069664006,2021-05-12 12:57:47
15462861,Crevaux - Bugeaud,1,1,29,48.870809428669546,2.281149007691853,2021-05-12 12:56:03
38407,Flandrin - Longchamp,5,2,34,48.86877849178477,2.274354539176829,2021-05-12 12:58:56
82554449,Porte Molitor,14,1,45,48.84524763511433,2.2569015249609947,2021-05-12 12:59:02
39535340,Charles Frérot - Albert Guilpin,10,1,17,48.8155839183714,2.3505029082298283,2021-05-12 12:54:34
54000555,Jean Mermoz - Champs-Elysées,18,10,4,48.86968985685174,2.310732454061508,2021-05-12 12:57:39
653089942,Poissonniers - Championnet,8,0,18,48.89543299733937,2.3530178144574165,2021-05-12 12:59:17
101008598,Reuilly - Place Felix Eboue,0,2,39,48.84030274499962,2.394630398715453,2021-05-12 12:58:54
1057373549,Gare RER les Grésillons,1,2,17,48.919898633572764,2.31458459136273,2021-05-12 12:56:01
66491388,Alfred de Vigny - Place du Général Brocard,12,5,15,48.87836138361425,2.305254448220567,2021-05-12 12:52:45
128841079,Cambon - Rivoli,27,9,2,48.866143390992,2.3251800647136633,2021-05-12 12:59:51
220504949,Grande Truanderie - Saint-Denis,17,2,14,48.8626302,2.3498075,2021-05-12 12:59:51
54000570,Place de la Nation - Picpus,1,1,33,48.84682168154762,2.400113046169281,2021-05-12 12:59:16
38060,Gare Montparnasse - Arrivée,22,11,9,48.843827994314886,2.3225811123847966,2021-05-12 12:59:35
7295,Chevreuse - Montparnasse,2,0,13,48.841739161230905,2.331552216736739,2021-05-12 12:57:00
27296946,Square Claude Bernard,4,4,20,48.89876016219984,2.375325746834278,2021-05-12 12:59:40
653143563,Henri Ravera - Gabriel Péri,4,3,23,48.79722273833844,2.302115857601166,2021-05-12 12:59:15
443153677,Perle - Vieille du Temple,13,3,19,48.8601346,2.3611206,2021-05-12 12:59:29
15308712,Jules Vallès - Charonne,3,0,19,48.85428437993525,2.384767457842827,2021-05-12 12:59:44
66505510,Epée de Bois - Mouffetard,14,17,32,48.841508690388835,2.350066713988781,2021-05-12 12:58:28
66491391,Claude Vellefaux - Hôpital Saint-Louis,6,2,20,48.87285913900304,2.370071706985146,2021-05-12 12:53:23
1062256852,Maxime Gorki - Louis Aragon,3,11,5,48.78909814728443,2.368387877941132,2021-05-12 12:55:14
1062245074,Roger Salengro - Général de Gaulle,12,3,12,48.820029010376956,2.4846760556101803,2021-05-12 12:59:02
201923447,Murat - Porte de Saint-Cloud,7,6,25,48.83750862621299,2.2577651962637906,2021-05-12 12:59:23
265201872,Bourdon - Pont Morland,39,1,10,48.8478103,2.3659356,2021-05-12 12:58:23
1062797394,Place de la Madeleine - Royale,16,5,1,48.86922805264812,2.3244211077690125,2021-05-12 12:59:48
1057758764,Cadix - Hameau,2,0,34,48.8340107632249,2.289516180753708,2021-05-12 12:58:21
653144717,Camille Risch - Paul Armangot,3,4,18,48.774703,2.373685,2021-05-12 12:53:19
42275164,Reuilly - Daumesnil,3,2,30,48.8395385,2.3972516,2021-05-12 12:56:37
85031184,Molitor - Michel-Ange,12,3,38,48.845182081538034,2.26211277356597,2021-05-12 12:59:00
97824043,Charentonneau - Maisons Alfort,6,7,5,48.809932980484355,2.443288456496946,2021-05-12 12:59:19
66491379,Place des Abbesses,0,0,12,48.884542726149725,2.3386867716908455,2021-05-12 12:58:03
39169029,Sorbier - Ménilmontant,0,0,24,48.86854239566069,2.3897721245884895,2021-05-12 12:53:53
35600927,Mairie du 16ème,1,2,31,48.863936848471994,2.2765953093767166,2021-05-12 12:59:50
100868590,Cité Vaneau,18,0,8,48.8542210666207,2.319614924490452,2021-05-12 12:58:12
15309674,Square Montholon,5,3,13,48.876620377545024,2.3457641154527664,2021-05-12 12:57:31
52518,Louis Lumière ,6,0,16,48.86216198070008,2.41112578185621,2021-05-12 12:55:24
27364642,Maine - Liancourt,0,1,26,48.835064363954,2.323731449973991,2021-05-12 12:56:57
54000616,Pyrénées - Avron,0,2,29,48.853246898211985,2.405871044529538,2021-05-12 12:59:50
123546861,Place du Colonel Fabien,1,0,26,48.8775683208602,2.369879186153412,2021-05-12 12:57:20
66491381,Leibniz - Jean Dollfus,3,0,29,48.896328348515986,2.333390423834684,2021-05-12 12:55:05
49094984,Herschel - Observatoire,1,3,28,48.84342376221923,2.3376645147800446,2021-05-12 12:59:38
27414902,Louis Blanc - La Chapelle,1,3,15,48.88400896451429,2.3599335551261906,2021-05-12 12:59:40
77773,Gare de Reuilly - Picpus,11,0,15,48.84267354116789,2.3972943797707558,2021-05-12 12:57:14
15463487,Pergolèse - Marbeau,2,5,19,48.87356870686902,2.281512522529856,2021-05-12 12:59:24
653091206,Porte de Clignancourt - Ney,6,1,31,48.899641123987095,2.344321422278881,2021-05-12 12:59:32
1062874070,Jourdan - Cité Universitaire,2,2,32,48.819897343156676,2.3397007964124366,2021-05-12 12:59:17
82574198,Mairie d'Issy,36,1,2,48.8237677924683,2.27231115102768,2021-05-12 12:59:42
125623876,Phalsbourg - Villiers,3,2,14,48.88242307900951,2.3090453445911407,2021-05-12 12:59:31
27415389,Gambetta - Père Lachaise,2,0,27,48.864295696165875,2.398228667282044,2021-05-12 12:58:28
129023855,Parme - Clichy,0,1,22,48.88126642422664,2.328197093450571,2021-05-12 12:52:42
30730,Place de la Nation - Charonne,2,1,32,48.848364667776785,2.399762385981272,2021-05-12 12:58:45
66505516,Cordelières - Arago,10,3,33,48.83548071896613,2.348572461702221,2021-05-12 12:58:31
1062802530,Niger - Soult,1,3,17,48.84369906369085,2.410361237220498,2021-05-12 12:54:02
653042678,Quai de Béthune - Pont de la Tournelle,4,1,20,48.85097433194032,2.356307208538055,2021-05-12 12:59:05
54000554,Gare Saint-Lazare - Stockholm,6,2,24,48.877127316667654,2.322417162358761,2021-05-12 12:55:42
75345531,Turbigo - Française,8,2,6,48.86358858111446,2.3477794602513313,2021-05-12 12:59:09
49341735,Centquatre,2,2,37,48.88933353845543,2.3707854375243187,2021-05-12 12:58:49
66491367,Beaubourg - Michel-le-Comte,8,0,10,48.862534941805855,2.354310303926468,2021-05-12 12:59:10
549480297,Halle Freyssinet - Parvis Alan Turing,15,5,2,48.83284681447084,2.371142171323299,2021-05-12 12:59:48
653091677,Place de l'Europe,6,14,2,48.78913702405837,2.4284800887107854,2021-05-12 12:59:26
35317080,Emile Reynaud - Porte de la Villette ,2,0,21,48.90098953630053,2.3887022584676743,2021-05-12 12:58:02
653146273,Chausson - Gabriel Péri,5,4,11,48.921891003481115,2.2952306270599365,2021-05-12 12:53:46
1062882947,Bargue -  Dutot,1,0,20,48.837884,2.308876,2021-05-12 12:57:58
266963426,Beaumarchais - Saint-Gilles,9,3,39,48.8580378,2.3679352,2021-05-12 12:58:15
82396562,Mairie du 10ème,4,1,14,48.87208944990723,2.357582598924637,2021-05-12 12:56:02
35472299,Pyrénées - Plaine,2,1,9,48.85026702458012,2.4062821269035344,2021-05-12 12:59:20
2515672078,Petit - Georges Thill,0,1,22,48.88603131999171,2.3895753175020222,2021-05-12 12:58:46
1805255023,Sèvres - Général Leclerc,5,3,22,48.83012155905476,2.231426239013672,2021-05-12 12:58:45
66489651,Louis le Grand - Italiens,15,12,3,48.870508937203915,2.334054461939329,2021-05-12 12:59:35
39626277,Lacuée - Lyon,12,0,4,48.849268481958404,2.370458543300628,2021-05-12 12:58:41
1062982815,Gare de Bellevue,1,5,14,48.8192404685572,2.2295309230685234,2021-05-12 12:51:43
1057207064,Université,6,4,14,48.94563430946964,2.3638297989964485,2021-05-12 12:55:08
213687475,Traktir - Foch,9,4,8,48.87275533461363,2.2915497802487077,2021-05-12 12:56:52
7268,Charenton - Jardiniers,2,2,27,48.833821772922654,2.394692664106047,2021-05-12 12:55:53
128890772,Bosquet - Saint-Dominique,19,6,1,48.85865170952645,2.303716580234576,2021-05-12 12:59:45
128932790,Arsène Houssaye - Champs-Elysées,4,9,16,48.87340927626732,2.2977904602885246,2021-05-12 12:58:48
129152818,Place de la Fraternité,2,1,17,48.85716405838368,2.422847449779511,2021-05-12 12:59:18
210585225,Dunkerque - Alsace,0,0,18,48.879355,2.358379,2021-04-23 12:45:54
27313492,Petites Ecuries - Faubourg Saint-Denis,16,4,8,48.87287120589831,2.3542150855064397,2021-05-12 12:58:33
100760396,Turbigo - Réaumur,8,2,21,48.86557404753054,2.3564198613166814,2021-05-12 12:57:35
1074095810,Maurice Payret-Dortail,2,0,17,48.87811957063342,2.2233625128865246,2021-05-12 12:56:28
128880156,Archives - Rivoli,6,4,13,48.857346707443455,2.3539767041802406,2021-05-12 12:59:42
27415411,Frères Flavien - Porte des Lilas,0,0,23,48.8780992764359,2.41104629853209,2021-05-12 12:55:15
210387163,Saint-Denis - Réaumur,8,2,21,48.8661116315789,2.3507790675507594,2021-05-12 12:59:14
653150828,Joffre - Aigle,0,0,20,48.904033,2.245096,2021-05-12 12:55:33
443654970,Française - Etienne Marcel,1,0,36,48.864053304653766,2.347587011754513,2021-05-12 12:59:00
1063971944,Saint-Michel - Luxembourg,6,3,20,48.84501507626001,2.339494116604328,2021-05-12 12:57:44
1057290902,Cours de Vincennes - Soult,7,1,36,48.846918761569306,2.4105220288038254,2021-05-12 12:59:46
15153595,Nationale - Vincent Auriol,1,0,31,48.83252708397293,2.362354410392119,2021-05-12 12:55:05
54000465,Etienne Marcel - Montorgueil,3,3,22,48.86450567259199,2.3461959511041637,2021-05-12 12:58:04
471094898,Olivier de Serres - Leriche,0,2,21,48.83460221715206,2.2957482933998112,2021-05-12 12:53:25
66499894,Sainte-Elisabeth - Turbigo,20,6,6,48.86610337431042,2.359649240970612,2021-05-12 12:58:56
100759356,Montmartre - Etienne Marcel,3,0,14,48.865021945810085,2.345068440144759,2021-05-12 12:58:22
1062911162,Solitaires - Place des Fêtes,0,2,26,48.876601,2.391769,2021-05-12 12:57:50
653187900,Adolphe Lalyre - Armand Silvestre,5,5,30,48.90406266961591,2.273416221141815,2021-05-12 12:59:52
128874528,Temple - Haudriettes,2,1,16,48.861636880211584,2.356696020645806,2021-05-12 12:59:42
1062827573,Bézout - Général Leclerc,1,0,29,48.82884804502439,2.3285973072052,2021-05-12 12:59:50
1074187051,Hôtel de Ville d'Asnières sur Seine,9,2,18,48.90999330025577,2.288238108158112,2021-05-12 12:59:16
331153695,Square Emile - Chautemps,17,3,5,48.86743372423056,2.353635728359223,2021-05-12 12:59:42
1074142878,Hôtel de Ville de Chaville,0,3,17,48.80887149094033,2.188134044408798,2021-05-12 12:57:31
213680246,Didot - Mariniers,0,3,30,48.82650543613106,2.313136198271666,2021-05-12 12:58:46
1064000778,Gare d'Austerlitz - Pont Charles de Gaulle,16,14,24,48.842319830109304,2.3670300096273422,2021-05-12 12:59:38
1074060095,Lally-Tollendal - Armand Carrel,3,1,23,48.88270066221072,2.374717555940151,2021-05-12 12:59:30
653092274,Porte de Pantin,6,1,24,48.889199725577164,2.3950181901454926,2021-05-12 12:57:04
54000538,Mairie du 3ème,8,3,19,48.86446178139141,2.361762821674347,2021-05-12 12:58:49
1063000561,Gardenat-Lapostol - Velettes,0,1,19,48.87387,2.224185,2021-05-12 12:52:18
54000542,Blancs-Manteaux - Archives ,5,0,24,48.859418007030406,2.355947121977806,2021-05-12 12:57:36
213680553,Adolphe Pinard - Victor Hugo,4,4,44,48.8236825874564,2.3077843710780144,2021-05-12 12:58:46
1063012692,Kléber - National,1,2,17,48.906333898712234,2.2393910586833954,2021-05-12 12:59:37
42341698,Cléry - Montmartre,11,7,26,48.867458,2.3445211,2021-05-12 12:59:48
1064008882,Poulet - Barbès,1,0,18,48.887148,2.349064,2021-05-12 12:55:05
478250062,Rivoli - Musée du Louvre,16,2,5,48.86364636851945,2.33409583568573,2021-05-12 12:58:42
653152142,Château - République,1,0,18,48.905928,2.253629,2021-05-12 12:54:55
129029327,Victoire - Laffitte,14,4,0,48.87514373494672,2.338118505144376,2021-05-12 12:58:09
1063429705,Eugène Varlin - Place de la Paix,0,1,21,48.792862,2.363093,2021-05-12 12:53:29
1062833975,Froidevaux - Boulard,0,3,32,48.83514731962543,2.3294411972165108,2021-05-12 12:56:44
653094517,Cesaria Evora - Rosa Parks,0,0,40,48.89717672825043,2.3745173960924144,2021-01-03 11:28:28
2515756572,Verdier - Jean Jaurès,0,0,32,48.81614048711214,2.3123561963438988,2021-05-12 12:58:04
1063410400,Alouettes - Maréchal de Lattre de Tassigny,12,1,9,48.85511009293948,2.4930700287222862,2021-05-12 12:54:23
80298493,Mairie du Kremlin-Bicêtre,0,1,24,48.81191981537702,2.3570189997553825,2021-05-12 12:58:15
96608796,Fille du Calvaire - Turenne,5,3,21,48.86210505412563,2.3649600148200993,2021-05-12 12:57:27
48800374,Place de l'Hôtel de Ville,8,3,2,48.8573314,2.351458,2021-05-12 12:56:22
58391194,Tiron - Rivoli ,20,5,3,48.85569225323279,2.357905805110932,2021-05-12 12:59:49
1063984816,Gare du Nord - La Chapelle,1,3,11,48.884178287285735,2.3561057075858116,2021-05-12 12:59:46
128878135,Village Saint-Paul,16,0,11,48.852639866624806,2.3607301712036137,2021-05-12 12:59:34
1063044618,Bas - Gabriel Péri,12,2,15,48.91585580539625,2.2948095202445984,2021-05-12 12:54:14
1063421211,Barbès - Monique Maunoury,3,4,33,48.81552718820216,2.3687169334905405,2021-05-12 12:58:48
569583918,Choiseul - Quatre Septembre ,17,13,12,48.8699355331869,2.3359975218772893,2021-05-12 12:59:28
129083553,Porte de Saint Cloud - Parc des Princes,22,0,10,48.83866275706582,2.2525164484977727,2021-05-12 12:59:19
1074204954,Quai Jules Guesde - Saint-Simon,15,8,7,48.80391487218989,2.408966162027371,2021-05-12 12:58:33
100767550,Mairie du 4ème,19,4,20,48.85594991049653,2.3563823103904724,2021-05-12 12:59:34
1074333296,Hippodrome Paris-Vincennes,9,18,14,48.82048387758518,2.446271181106568,2021-05-12 12:58:38
442739463,Place de la République - Temple,3,1,14,48.86721120185892,2.363546437054538,2021-05-12 12:59:19
380891087,Place de la Bastille - Bourdon,8,3,22,48.852364355271085,2.368108928203583,2021-05-12 12:54:09
54000537,Saint-Gilles - Turenne,7,4,6,48.85815895677863,2.364714992099186,2021-05-12 12:58:58
78374110,Square Pierre Lazareff,3,2,12,48.867141720745806,2.348393350839615,2021-05-12 12:58:30
128834707,Jean-Jacques Rousseau - Deux Ecus,13,0,9,48.86297805972131,2.3414635285735126,2021-05-12 12:50:41
1062844489,Château - Place de Catalogne,1,2,30,48.836805542262134,2.3185293003916745,2021-05-12 12:59:01
653097126,Place Paul Delouvrier,1,0,24,48.89197621431365,2.3851288855075836,2021-05-12 12:53:40
391845823,Candale - Mehul,0,2,22,48.8893935006175,2.414379715919495,2021-05-12 12:56:52
120564786,Filles Saint-Thomas - Place de la Bourse,35,7,15,48.86889989085307,2.3397543845203477,2021-05-12 12:59:49
653140345,Édouard Vaillant - Place Jean Jaurès,5,0,18,48.86265537999924,2.2089037319128613,2021-05-12 12:59:26
15290700,Aboukir - Alexandrie,4,2,15,48.86868344444473,2.3502043269474897,2021-05-12 12:59:43
27414358,Saint-Honoré - 29 juillet,10,6,4,48.86557114282421,2.330567417577153,2021-05-12 12:59:07
2515885093,Waldeck Rochet - Germaine Tillon,6,5,19,48.91105960199651,2.3676301538944244,2021-05-12 12:59:13
653222953,Mairie de Rosny-sous-Bois,5,4,17,48.87125651901151,2.4865807592868805,2021-05-12 12:53:28
15433394,Custine - Ramey,2,2,37,48.888735896947054,2.3469526693224907,2021-05-12 12:59:29
653153519,Gare des Vallées,4,0,15,48.913179,2.257726,2021-05-12 12:58:43
39887632,Choisy - Malmaisons,1,1,23,48.821919702956144,2.3633468834070914,2021-05-12 12:59:13
49423507,Pau Casals - Neuve Tolbiac,27,18,8,48.8311602,2.3774395,2021-05-12 12:59:48
6352,Saint-Bon - Rivoli,7,5,6,48.857999643314926,2.350217280976349,2021-05-12 12:56:42
54001189,Chaussée d'Antin - Haussmann,11,7,7,48.87243,2.33359,2021-05-12 12:59:25
6293,Mairie du 2ème,6,7,15,48.8672190355135,2.3404625437747044,2021-05-12 12:58:13
653072212,Place du 8 mai 1945,2,0,26,48.938882272105374,2.3566243797540665,2021-05-12 12:59:09
128843085,Place du Lieutenant Henri Karcher,17,4,8,48.863490871724466,2.3400671035051346,2021-05-12 12:55:17
1063027377,Grande Rue - Europe,1,1,22,48.8218104687602,2.205879874527455,2021-05-12 12:56:08
2515774908,Val-Fleury,0,1,22,48.80767140799091,2.240721769630909,2021-05-12 12:58:03
210386007,Alger - Rivoli,13,1,7,48.86477355349535,2.329449393612793,2021-05-12 12:59:08
276989966,Oratoire - Rivoli,16,1,0,48.861342760889265,2.3400047421455388,2021-05-12 12:58:48
6245,Ventadour - Opéra,12,12,2,48.866810653323,2.334388448251871,2021-05-12 12:59:43
1063053136,Square Victor Basch,3,8,9,48.91430486226092,2.2289156913757324,2021-05-12 12:59:29
581480367,Fabre d'Eglantine - Place de la Nation,4,0,62,48.8471116,2.3956204,2021-05-12 12:59:30
101751231,Saint-Amand - Labrouste,0,1,35,48.834097274832295,2.3087677359581,2021-05-12 12:59:49
1074339090,Stade Pershing,15,3,8,48.829107826857424,2.458353526890278,2021-05-12 12:53:20
1074347188,Champs de Manoeuvre - Cartoucherie,0,0,0,48.834071215847025,2.4456132973791527,2019-03-21 10:50:32
82574979,Arthur Ranc - Hôpital Bichat,1,1,24,48.8978712500682,2.333521842956543,2021-05-12 12:57:21
39169877,Saint-Placide - Cherche Midi,8,8,49,48.8490535919234,2.325317971408367,2021-05-12 12:59:31
653155159,Marx Dormoy - Château Sainte-Barbe,3,0,17,48.791782341055324,2.297856844961643,2021-05-12 12:58:11
653099465,Amédée Huon - Fort d'Ivry,1,3,19,48.805131376899986,2.388489693403244,2021-05-12 12:59:48
1810975577,Guy Môquet - Parvis Georges Marchais,1,0,28,48.79518840095975,2.35943466424942,2021-05-12 12:58:04
2705356759,Jean Jaurès - Paul Lafargue,1,5,21,48.88493317766629,2.248448878526687,2021-05-12 12:59:00
54000596,Jouffroy d'Abbans - Villiers,0,2,32,48.88421554703737,2.3056533560156827,2021-05-12 12:57:49
35380305,Le Goff - Gay-Lussac,3,4,28,48.8461024009786,2.3412207886576653,2021-05-12 12:59:20
100790494,Bréa - Raspail,5,6,13,48.842738478257814,2.329794221763396,2021-05-12 12:58:15
653040243,Archives - Pastourelle,16,6,6,48.8623615,2.3595041,2021-05-12 12:59:31
1063061372,Résistance - Parmentier,0,3,32,48.85965138131299,2.436705082654953,2021-05-12 12:58:28
2705290225,Suresnes - Muette à Neuilly,7,4,18,48.86857040434825,2.266000919044018,2021-05-12 12:58:42
214019379,Quai de l'Aisne - Général Leclerc,1,1,23,48.895713,2.400571,2021-05-12 12:59:11
1599896463,Magenta - Chabrol,7,2,15,48.876495350882045,2.3560990020632744,2021-05-12 12:59:47
1987547083,Parc Départemental des Hautes-Bruyères,6,16,7,48.793457901398945,2.3509012162685394,2021-05-12 12:59:27
323468705,Saint-Honoré - Musée du Louvre,16,5,1,48.86344313284792,2.3348781846405102,2021-05-12 12:58:43
2705338817,Victor Hugo - Gare,7,1,13,48.92313395265796,2.2600970417261124,2021-05-12 12:56:55
1074410417,Verdun - Carnot,1,4,22,48.808439376064946,2.373795211315155,2021-05-12 12:59:39
1074352578,Parc Floral du Bel Air,6,4,14,48.839285711865735,2.438560165464878,2021-05-12 12:59:49
53999465,Place du Palais Royal,31,8,26,48.862382970646635,2.33848225325346,2021-05-12 12:59:47
653156540,Place de la Division Leclerc,1,2,32,48.793824988636516,2.2731140430551027,2021-05-12 12:51:10
54000573,Cardinal Lavigerie,22,0,23,48.832934193699835,2.402636749399156,2021-05-12 12:59:41
208603342,Coquillière - Louvre,14,2,4,48.86379590966231,2.3425736278295517,2021-05-12 12:59:46
99886640,Place des Victoires,6,8,9,48.8660354,2.3420333,2021-05-12 12:59:35
1981490798,Belfort - Victor Hugo,5,0,19,48.9018492,2.3172724,2021-05-12 12:58:55
129080400,Belles Feuilles - Place de Mexico,3,3,15,48.86580474647378,2.282920628786087,2021-05-12 12:53:56
210328645,Place André Malraux,11,5,3,48.86392515872666,2.3356226831674576,2021-05-12 12:56:56
1074428106,André Theuriet - Blagis,15,3,10,48.77977325745441,2.3130525648593903,2021-05-12 12:58:29
653102462,Lampes,18,13,11,48.81152481985875,2.4017931148409843,2021-05-12 12:59:14
653031913,Réaumur - Montmartre,9,7,3,48.86823099975891,2.343826033887573,2021-05-12 12:59:14
311153993,Les Halles - Saint-Eustache,14,1,17,48.86362695901683,2.342623919248581,2021-05-12 12:59:45
1057210479,Jules Guesdes - Carnot,1,0,14,48.93828169931872,2.3508992046117783,2021-05-12 12:57:22
27414527,Danielle Casanova - Opéra,10,10,0,48.867643242297284,2.3333894088864326,2021-05-12 12:57:17
66491366,Saint-Marc - Feydeau,11,3,22,48.870310661421705,2.341979183256626,2021-05-12 12:56:12
6297,Victor Massé - Jean-Baptiste Pigalle,0,0,0,48.88110437240003,2.3366955667734146,2020-08-30 21:39:53
653159330,Manufacture Nationale,0,0,28,48.828785140979505,2.2237222641706467,2021-02-28 15:26:50
54000557,Simon Bolivar - Henri Turot,1,1,19,48.876887,2.374454,2021-05-12 12:58:09
653110858,Silly - Louis Blériot,7,3,13,48.83219045374266,2.2340199351310734,2021-05-12 12:58:10
49424560,Saint-Mande - Picpus,3,1,30,48.845127728277696,2.4015686296481897,2021-05-12 12:59:36
653165196,Les Blagis,15,0,11,48.785205,2.302526,2021-05-12 12:54:30
653104215,Sorbier - Gasnier-Guy,1,0,31,48.86521763101122,2.39365965127945,2021-05-12 12:58:52
1074390359,Youri Gagarine - Commune de Paris,13,5,15,48.78242746304141,2.3939734697341923,2021-05-12 12:55:24
2002864789,Strasbourg - Saint-Denis,11,3,1,48.86960164243346,2.35429085791111,2021-05-12 12:58:49
653046369,Carrefour Pleyel,6,8,20,48.92034156960326,2.3438543826341625,2021-05-12 12:59:30
315022587,Malesherbes - Place de la Madeleine,47,11,6,48.87040602848252,2.323243509807989,2021-05-12 12:59:24
653107480,Paganini - Davout,7,2,13,48.85135,2.412021,2021-05-12 12:59:01
1988517250,Stalingrad - Henri Luisette,1,4,21,48.78363092456589,2.366935946761926,2021-05-12 12:55:00
74864208,Bagnolet - Place Saint-Blaise,0,2,26,48.85973,2.40334,2021-05-12 12:52:15
653166892,Gare de Robinson,17,3,9,48.7799259211605,2.281828634440899,2021-05-12 12:58:55
1074398925,République - Louis Loucheur,22,7,6,48.82354926118855,2.510186545550823,2021-05-12 12:59:28
653106960,Gare RER - Maurice Grandcoing,24,2,11,48.813881,2.392429,2021-05-12 12:57:36
54000536,Saint-Fiacre - Poissonière,8,2,21,48.87082891155797,2.3459213599562645,2021-05-12 12:56:36
39565873,Jouffroy d'Abbans - Malesherbes,2,3,21,48.8850134,2.3070717,2021-05-12 12:57:48
653175838,Gare de Chaville Rive Gauche,0,4,13,48.80516030434533,2.188277207314968,2021-05-12 12:54:21
84960402,Gobelins - Port-Royal,6,1,33,48.83713590026284,2.3515201359987254,2021-05-12 12:58:04
2515701705,Mûriers - Père Lachaise,0,0,20,48.864130509668044,2.39164982067019,2021-05-12 12:55:51
1062807847,Bibliothèque Nationale de France,27,11,0,48.835026823799836,2.3760157451033592,2021-05-12 12:55:47
653110492,Danielle Casanova - Ledru-Rollin,8,1,18,48.815783497876815,2.383259721100331,2021-05-12 12:55:43
102339791,Place du Maréchal de Lattre de Tassigny,2,4,20,48.821707715257055,2.2853431485432423,2021-05-12 12:58:50
52474,Belleville -  Pré Saint-Gervais,0,2,17,48.875565910073085,2.3930460959672923,2021-05-12 12:57:20
486750405,Ney - Porte de Montmartre,0,2,21,48.897918,2.3364872,2021-05-12 12:51:15
125370566,Manin - Secrétan,2,1,17,48.8791665,2.3787959,2021-05-12 12:58:56
66491396,Château de Vincennes,17,10,22,48.84423193255657,2.439209537709179,2021-05-12 12:59:48
653180903,Paix - Verdun,4,0,29,48.900504,2.261173,2021-05-12 12:59:44
102328355,Place Denfert-Rochereau,4,2,14,48.843252536286684,2.245987951755524,2021-05-12 12:53:53
76352106,Saint-Augustin,9,2,20,48.8762009747008,2.319786250591278,2021-05-12 12:57:34
54000578,Bobillot - Tolbiac,3,0,28,48.8255961335041,2.350204177200794,2021-05-12 12:58:20
101015227,Chevaleret - Louise Weiss,12,1,22,48.83258651335057,2.371211388119954,2021-05-12 12:55:38
78124875,Mathis - Flandre,3,2,46,48.8906429898976,2.3762554675340652,2021-05-12 12:59:46
89553051,Pyrénées - Cours de Vincennes,2,4,10,48.84779677993506,2.406172156333924,2021-05-12 12:59:46
7402,Roquette - Auguste Laurent,12,2,1,48.858001906023354,2.381797702650783,2021-05-12 12:59:22
102724418,Général Leclerc - Bièvre,13,1,10,48.782414428747316,2.3166695237159733,2021-05-12 12:58:36
42950428,Place du Docteur Yersin,6,6,37,48.82010494991975,2.3725583776831627,2021-05-12 12:58:59
102287315,Félix Faure - Convention,23,4,17,48.841249336041045,2.288386600849503,2021-05-12 12:57:25
100921894,Léon Frot - Charonne,2,0,17,48.854963800335234,2.387217085372007,2021-05-12 12:55:44
82429586,Duméril - Jeanne d'Arc,17,7,16,48.83815160808658,2.357108449556404,2021-05-12 12:59:26
37995,Dom-Pérignon - Gravelle,11,3,35,48.82548157443457,2.4098803102970128,2021-05-12 12:53:25
54000591,Franquet - Labrouste,3,1,33,48.83287705011431,2.306762784719467,2021-05-12 12:57:55
653193536,Maxime Gorki - Paul Vaillant-Couturier,0,1,19,48.79673508795443,2.3683342337608337,2021-05-12 12:52:57
54000589,Cambronne - Mademoiselle,47,4,16,48.843277330035214,2.30230766886348,2021-05-12 12:57:55
74692052,Francoeur - Caulaincourt,0,0,33,48.8899944409612,2.342529706656933,2021-05-12 12:56:11
35080917,Euryale Dehaynin - Loire,2,1,26,48.886248917304805,2.3774591088294987,2021-05-12 12:56:04
27363206,Riquet - Marx Dormoy,4,2,20,48.89021003702031,2.3601756244897842,2021-05-12 12:59:45
101759167,Lecourbe - Convention,5,1,40,48.83923319241899,2.2915197908878326,2021-05-12 12:56:51
37420,Hauteville - Bonne Nouvelle,2,2,13,48.87077436024043,2.349649636832728,2021-05-12 12:58:47
27363058,Suffren - La Motte-Piquet,15,3,5,48.85088123091874,2.301219999790192,2021-05-12 12:57:22
66491390,Taitbout - Châteaudun,10,4,25,48.876383969379,2.335356677933531,2021-05-12 12:59:37
1057387136,8 Mai 1945 - 10 Juillet 1940,0,0,30,48.78456702967362,2.3979035764932632,2019-05-17 12:08:17
653114003,Dôme - République,20,1,4,48.832681,2.250257,2021-05-12 12:57:26
49791363,Balzac - Champs Elysées,5,3,19,48.87269963962128,2.3001953959465027,2021-05-12 12:59:31
74805344,Pierre Charron - Champs-Elysées,8,5,16,48.870103359864174,2.3043501377105713,2021-05-12 12:59:47
75352635,Place de la vache noire,5,6,12,48.81040517059777,2.327060401439667,2021-05-12 12:59:35
121160813,Place Tristan Bernard ,0,3,23,48.8791964,2.2915403,2021-05-12 12:54:22
34836174,Place Charles Digeon,1,1,28,48.84354203133597,2.418427169322968,2021-05-12 12:57:44
6354,Gouthière - Poterne des Peupliers,13,0,20,48.820507,2.351342,2021-05-12 12:59:19
27415194,Gergovie - Alésia,2,0,34,48.83088717455243,2.318882101207347,2021-05-12 12:58:31
54000624,Gambetta - Tourelles,0,2,17,48.87533790226418,2.4059921130537987,2021-05-12 12:59:25
653114443,Place Eustache Deschamps,11,2,5,48.793855,2.336637,2021-05-12 12:58:27
213699079,Macdonald - Césaria Evora,0,0,67,48.89883,2.37933,2020-06-29 14:52:20
653190196,LCL Campus - Place Oscar Niemeyer,1,2,33,48.805342480621576,2.363983690738678,2021-05-12 12:55:47
27363156,Général De Gaulle - Vivien,0,2,19,48.83607420090204,2.4189166724681854,2021-05-12 12:59:50
27363389,Bercy - Traversiére,19,1,8,48.84619264257384,2.3703800886869435,2021-05-12 12:59:46
102317064,St-Ouen - Lamarck,1,0,42,48.891083040295555,2.326735694839291,2021-05-12 12:56:52
39776330,Buzenval - Vignoles,2,2,13,48.85385817168762,2.400004081428051,2021-05-12 12:58:29
54000594,Edouard Pailleron - Bouret,0,0,27,48.880597694070524,2.3769494891166687,2021-05-12 12:55:34
66491373,Pierre Joseph Desault,2,2,15,48.82110230800372,2.378775402903557,2021-05-12 12:49:51
66491409,Guillaume Tell - Parc Henri Barbusse,0,2,18,48.88958925894009,2.4198862910270695,2021-05-12 12:53:07
82583924,Pyrénées - Charles Renouvier,0,1,28,48.86095933229224,2.400421852042113,2021-05-12 12:57:19
124183944,Hector Malot - Daumesnil,34,1,16,48.84693552991762,2.3770876228809357,2021-05-12 12:57:40
101022698,Olympiades,4,0,32,48.82676466519947,2.365086078643799,2021-05-12 12:59:45
653184632,Edith Cavell - Volta,6,1,23,48.901616564286975,2.269354350864887,2021-05-12 12:55:45
102751453,Hôtel de Ville de Vincennes,1,4,19,48.84827609706963,2.4398955702781677,2021-05-12 12:59:03
35263507,Port Royal - Hôpital Cochin,11,4,8,48.838373233813286,2.340717874467373,2021-05-12 12:57:54
394404659,Gare Saint-Lazare - Cour du Havre,11,11,19,48.87567440085132,2.3265598341822624,2021-05-12 12:59:45
58086242,Square des Amandiers,1,0,11,48.86615630668046,2.3891324177384377,2021-05-12 12:54:32
82440673,Maine - Jean Zay  ,2,4,44,48.837925263897674,2.3225428909063344,2021-05-12 12:59:10
27399547,Dominique Pado - Croix Nivert,8,2,11,48.83648798164934,2.2897250577807426,2021-05-12 12:58:41
54000610,Jean de la Fontaine - Boulainvilliers,17,5,45,48.85264791461651,2.2758664190769196,2021-05-12 12:59:44
74635382,Place de la Nation - Taillebourg,6,1,40,48.8488408,2.3973043,2021-05-12 12:50:51
13356269,Assas - Rennes,4,2,24,48.8492084999386,2.32851454623001,2021-05-12 12:58:41
54000583,Tombe Issoire - René Coty,0,1,35,48.83051287670899,2.3343613743782043,2021-05-12 12:56:25
63279,Siam - La Pompe,0,1,15,48.861720329027264,2.275346568555312,2021-05-12 12:58:19
125918662,Marcadet - Ramey,0,2,18,48.890875,2.3449019,2021-05-12 12:57:54
15163771,George Sand - Jean de La Fontaine,10,0,20,48.84986918764119,2.268257387525699,2021-05-12 12:55:25
37848502,Pierre Brossolette - 12 Février 1934,1,3,20,48.8176962416867,2.3076123744249344,2021-05-12 12:58:34
82571023,Alexandre Dumas - Place de la Réunion,0,1,44,48.85533710742046,2.3997703687646292,2021-05-12 12:54:33
66491382,Guy Môquet - Compoint,0,2,34,48.89213559044868,2.32321947813034,2021-05-12 12:52:51
27363205,Porte de la Plaine,1,1,32,48.82805169605981,2.2924277186393742,2021-05-12 12:54:06
653197206,Marcel Pourtout - Édouard Manet ,0,7,15,48.87555620763429,2.1655967831611638,2021-05-12 12:58:08
27415256,Sahel - Général Michel Bizot,8,1,24,48.840872964793355,2.4044444784522057,2021-05-12 12:56:21
101488317,René Coty - Place Denfert-Rochereau,3,2,30,48.83305647731638,2.332941144704819,2021-05-12 12:59:39
6497,Duhamel - André Gide,0,0,20,48.8365662244334,2.312707121097412,2021-05-12 12:55:32
653118283,Ancienne Mairie - André Morizet,2,0,21,48.838311,2.234077,2021-05-12 12:53:44
117480156,Enfants du Paradis - Peupliers,14,9,16,48.83312268645377,2.2571459412574773,2021-05-12 12:58:03
124167835,Lavoisier - Missak Manouchian,2,1,15,48.86286468896063,2.495676465332508,2021-05-12 12:54:24
74858883,Pereire - Saussure,1,1,30,48.88822907547811,2.310129627585411,2021-05-12 12:55:48
66491384,Place Aristide Briand,1,2,31,48.82189236575831,2.413003742694855,2021-05-12 12:56:47
27415371,Charonne - Alexandre Dumas,3,1,29,48.85607741505607,2.394869327545166,2021-05-12 12:59:51
102748267,Montreuil - République,2,5,18,48.85026349463687,2.4345204234123234,2021-05-12 12:54:34
54000552,Rome - Provence,15,1,14,48.874230055580306,2.325570111724113,2021-05-12 12:59:04
49829553,Legendre - Nollet,1,1,28,48.887742186754224,2.320293079881375,2021-05-12 12:58:52
128884445,Constantine - Université,34,23,7,48.860680473738334,2.314848195584221,2021-05-12 12:59:42
100893610,Bourdonnais - Tour Eiffel,40,4,12,48.860897797941,2.29559959844703,2021-05-12 12:59:40
28233012,Marceau - Président Wilson,11,2,18,48.8652359,2.3002513,2021-05-12 12:58:40
102752610,Mairie de Bagnolet,0,2,25,48.868421318555306,2.417958788573742,2021-05-12 12:59:38
124176568,Rampal - Belleville,0,3,14,48.87302160155955,2.379910983145237,2021-05-12 12:57:48
82335295,Saint-Séverin - Saint-Michel,24,3,3,48.85273130548806,2.3440927639603615,2021-05-12 12:59:21
82413301,Ménilmontant - Oberkampf,3,2,34,48.8666176586814,2.38301344041578,2021-05-12 12:57:35
54000551,Galilée - Vernet,2,5,9,48.87171587869726,2.2985444962978363,2021-05-12 12:59:30
27415360,Reynaldo Hahn - Lagny,0,1,16,48.849266043601794,2.412330328844772,2021-05-12 12:51:43
82588494,Verdier - République,0,0,28,48.81540376627718,2.3173937201499943,2021-05-12 12:58:43
39311270,Pasteur - Cotentin,0,2,31,48.8389284,2.316356,2021-05-12 12:59:46
66491372,M.- A. Lagroua Weill-Hallé -  F. Dolto,29,26,5,48.828595283857425,2.380220606266108,2021-05-12 12:59:36
82425449,Bois de Vincennes - Polygone,1,4,46,48.83544491617421,2.431421081436563,2021-05-12 12:58:31
7234,Colonel Pierre Avia,14,1,13,48.8296843300915,2.275342586850291,2021-05-12 12:59:15
39882420,Championnet,2,3,15,48.8953643,2.3498166,2021-05-12 12:57:30
85160045,Arthur Auger - Jean Jaurès,0,0,26,48.813736445585235,2.3069277405738835,2021-05-12 12:58:49
653190279,Jean-Baptiste Charcot - Sainte-Geneviève,2,1,18,48.90310883721567,2.278892956674099,2021-05-12 12:50:54
82551956,Marché d'Auteuil,16,1,14,48.84842761367387,2.265253821160005,2021-05-12 12:58:11
82408364,Guillaume Bertrand - République,2,2,34,48.86382517434147,2.38090637715497,2021-05-12 12:53:55
54000547,Quatre Vents - Carrefour de l'Odéon,18,1,17,48.851751374458864,2.338161695134053,2021-05-12 12:59:18
54000623,Mairie du 20ème,0,0,25,48.86530232427545,2.3990669846534733,2021-05-12 12:58:10
80077998,Lorraine - Jean Jaurès,3,1,15,48.8863865,2.3825772,2021-05-12 12:59:13
13248144,Volontaires - Vaugirard,7,1,26,48.84132050184004,2.30808901725357,2021-05-12 12:59:08
35816213,Passy - Place du Costa Rica,1,2,29,48.8584893,2.2839655,2021-05-12 12:57:55
54000631,Victor Hugo - Bineau,5,5,14,48.88758225888669,2.2783890366554265,2021-05-12 12:59:12
99840124,Regard - Rennes,13,2,31,48.847385404955965,2.3268555477261543,2021-05-12 12:58:46
54000568,Philippe-Auguste,3,2,42,48.851853488264595,2.393294535577297,2021-05-12 12:59:52
125542925,Louis Blanc - Aqueduc ,1,2,32,48.88203018259946,2.3635615780949593,2021-05-12 12:59:41
653121023,Fief - République,9,3,13,48.83170888166024,2.255771979689598,2021-05-12 12:58:15
76507850,Dantzig - Lefebvre,7,1,24,48.83013921586756,2.295934036374092,2021-05-12 12:59:17
101010226,Porte de Charenton,18,2,45,48.83124010585643,2.3989107459783554,2021-05-12 12:59:38
653194214,Hôtel de Ville de Rueil-Malmaison,3,2,14,48.878194,2.181724,2021-05-12 12:58:39
11375742,Arsonval - Falguière,1,1,23,48.84040040365445,2.313117867297474,2021-05-12 12:59:51
70736110,Etienne Dolet - Place Maurice Chevalier,0,2,30,48.86798303359366,2.3851405311143026,2021-05-12 12:57:50
49039283,Carpeaux - Place Jacques Froment,3,0,13,48.8906542,2.3309428,2021-05-12 12:54:11
99798962,Place Saint-André des Arts,32,3,1,48.85288617388103,2.3426544293761253,2021-05-12 12:59:51
27363397,Jean Bologne - Passy,0,1,18,48.857566889784465,2.280027395306772,2021-05-12 12:53:18
66491369,Montparnasse -  Square Ozanam,7,2,40,48.84331056782166,2.326524294912815,2021-05-12 12:59:30
39878420,Pyrénées - Dagorno,0,5,15,48.855425770695085,2.4051643162965775,2021-05-12 12:58:32
27363504,Jacquier - Didot,0,0,30,48.82953336292279,2.318179272115231,2021-05-12 12:55:31
27414932,Saint-Maur - République,4,3,30,48.86418586145509,2.378317415714264,2021-05-12 12:59:12
27415083,Place d'Italie - Soeur Rosalie,0,1,51,48.83190852039389,2.3546943448098023,2021-05-12 12:56:44
42588096,Bobillot - Moulin des Prés,4,2,21,48.828657346203094,2.353020646316964,2021-05-12 12:54:34
82588656,Rond-Point Rhin et Danube,29,3,17,48.840452820991764,2.2280225157737736,2021-05-12 12:58:13
35471668,Flandre - Ourcq,2,5,23,48.89260159189023,2.3790915682911873,2021-05-12 12:56:49
27415500,Point du Jour - Jean Jaurès,2,0,24,48.828753141436465,2.245911467014621,2021-05-12 12:57:43
11580442,Geoffroy-Saint-Hilaire - Saint-Marcel,12,2,3,48.83907826424974,2.356877340669728,2021-05-12 12:59:51
121086415,Colisée - Champs-Elysées,0,0,11,48.87047539938743,2.3076190799474716,2021-03-21 20:21:15
27415333,Crimée - Ourcq,12,2,41,48.894104140316266,2.372946088467279,2021-05-12 12:57:45
125881065,Metz - Marne,0,2,30,48.891163,2.3865705,2021-05-12 12:59:06
54000627,Bertrand Sincholle - Henri Barbusse,0,2,20,48.89925982394349,2.3042294383049016,2021-05-12 12:59:39
15377776,Paul Valery - Victor Hugo,3,4,26,48.87137406080164,2.2887128591537476,2021-05-12 12:55:28
84961467,Lacépède - Linné,8,2,44,48.8437035476636,2.354651279747486,2021-05-12 12:58:47
54000629,Commandant Charcot - Bretteville,2,2,32,48.87530570765423,2.2558460757136345,2021-05-12 12:59:26
27415004,Général Michel Bizot - Claude Decaen,19,2,17,48.83481262982544,2.400927788127704,2021-05-12 12:58:07
27415128,Ivry - Baudricourt,3,3,14,48.824695995415006,2.363106073577468,2021-05-12 12:58:55
27414937,Saint-Mandé - Docteur Arnold Netter,3,1,31,48.84462585769668,2.404946386814118,2021-05-12 12:53:56
66507230,Saint-Marcel - Hôpital,7,2,12,48.83950442458303,2.360989417022932,2021-05-12 12:59:05
100227241,Guynemer - Jardin du Luxembourg,13,15,5,48.8466127,2.3325478,2021-05-12 12:58:42
2254322638,Verdun - Pierre et Marie Curie,1,2,21,48.812822398263286,2.3707106709480286,2021-05-12 12:57:38
516395829,Quai des Célestins - Henri IV,1,4,9,48.8512971,2.3624535,2021-05-12 12:52:00
102335085,Aristide Briand - Place de la Résistance,7,1,16,48.82124248401006,2.2511002421379094,2021-05-12 12:54:39
368766689,Westermeyer - Paul Vaillant-Couturier,14,2,8,48.819116181578764,2.3966637253761296,2021-05-12 12:58:44
34742973,Place Balard,15,1,7,48.836395736424116,2.2784192115068436,2021-05-12 12:58:15
129026597,Caumartin - Provence,17,1,4,48.874422773426545,2.3284685611724854,2021-05-12 12:58:22
101013666,Bercy - Villot,25,1,8,48.84179500902689,2.376785018481558,2021-05-12 12:59:29
218903767,René Boulanger - Lancry,4,3,55,48.8685433,2.3600032,2021-05-12 12:59:31
1057383154,Gare RER les Ardoines,0,0,49,48.78385636346727,2.407909371747126,2019-05-17 09:28:29
523900881,Cité de la Musique,0,0,60,48.888796556487385,2.3925811931922163,2019-09-25 07:55:41
478732841,Sebastopol - Rambuteau,7,1,8,48.861818092669864,2.3501381278038025,2021-05-12 12:59:31
